7678	2246	2198	33015	32573	32574
10798	2216	9833	32744	32743	68164
10436	6424	1440	54738	25800	25801
7468	2039	2007	31119	30829	30830
7432	1985	3013	30637	30636	39639
9299	8250	2463	62622	34988	34989
3668	3779	3036	43400	39779	39780
2785	3798	3168	37830	40582	37831
6538	1572	1614	27006	27005	27381
7104	1930	1876	30138	29643	29644
5970	3630	3684	43214	43213	43474
10661	1907	7109	29923	29922	57725
10426	6293	6253	54211	54038	54039
7208	7207	2007	58138	30832	30833
2804	2821	2833	38001	38158	38002
7381	3838	7333	44270	44269	58670
7015	1904	1819	29895	29135	29136
8099	8098	7955	61980	61388	61389
2984	3241	2681	39445	36928	36929
5318	3235	3465	40990	40989	42299
8867	2789	2738	37868	37417	37418
11028	2803	9093	37992	37991	65969
9010	3623	3512	43173	42558	42559
2371	3818	3610	34144	43097	34145
7842	2177	7841	32385	32384	60896
1495	1493	1574	26278	26277	26294
2688	3258	3351	36990	41119	36991
3873	3876	3168	44435	40585	40586
8376	2517	8336	35480	35479	62987
8996	3560	3523	42819	42617	42618
8967	2750	3583	37523	37522	42939
2216	3889	3865	32746	44394	32747
8396	2587	3196	36082	36081	40761
8926	2790	2717	37876	37232	37233
8985	2806	8875	38020	38019	65202
7197	3056	2489	39920	35230	35231
1554	1697	1734	26827	28077	26828
9846	2327	7939	33734	33733	61310
6859	5697	1817	51739	29117	29118
7882	2243	7785	32990	32989	60661
11030	9115	2819	66046	38139	38140
8131	3095	6769	40145	40144	56202
6255	6188	1403	53776	25481	25482
9201	3403	7748	41970	41969	60522
10758	2191	7724	32516	32515	60417
1658	1654	1618	27723	27419	27421
1761	1827	1764	28638	28659	28639
1658	1688	1656	27754	27741	27740
2978	2542	3311	35703	35702	39410
8130	6769	3095	56204	40144	40147
7882	7670	2243	60174	32992	32990
6041	2984	2936	39447	39142	39143
7567	2138	2192	32033	32032	32528
8511	8510	2604	63782	36235	36236
10868	8259	8134	62657	62122	62123
7166	1987	1938	30652	30219	30220
8298	8293	2440	62806	34781	34782
7954	7953	7844	61381	60908	60909
8211	6870	3277	56677	41210	41211
10995	3813	3680	44146	43453	43454
3003	1755	3145	28590	28591	39567
2977	2544	2567	35725	35724	35914
9170	7323	3799	58623	44074	44075
8796	3838	3782	44272	43987	43988
8386	2581	2620	36036	36035	36376
8791	2711	8738	37178	37177	64715
8038	2413	8035	34540	34539	61726
7962	2332	7848	33787	33786	60922
7798	2249	7744	33036	33035	60505
8428	2602	3401	36217	36216	41954
7272	3227	3208	40943	40832	40833
7577	2199	2200	32581	32580	32597
2487	2502	3610	35214	35346	35216
3262	2502	2487	35345	35214	35215
7900	2153	2154	32161	32160	32170
10711	2045	7569	31176	31175	59720
1755	1763	3145	28592	28656	28591
8271	2570	2507	35938	35391	35392
7674	2198	2246	32576	32573	33017
9746	7165	1912	57976	29962	29963
7492	7491	2155	59388	32181	32182
11030	9096	9106	65982	65981	66013
7569	2142	7568	32067	32066	59713
8551	8511	2638	63786	36532	36533
6705	3157	1546	40518	26750	26751
7950	3166	5410	40572	40571	50565
7375	2048	2046	31198	31180	31181
6814	1726	1764	28325	28324	28662
2751	3112	2804	37532	38006	37533
7109	1934	1956	30181	30180	30376
10870	8264	8180	62680	62305	62306
9511	2440	3516	34785	34784	42580
7833	3688	2323	43498	33695	33696
10672	7323	7207	58625	58140	58141
9555	4647	8910	47498	47497	65336
10873	8292	8290	62801	62794	62795
8306	8267	8220	62695	62490	62491
9180	4349	3410	46323	42008	42009
7572	2170	2144	32323	32081	32082
8098	2356	7955	34014	34013	61388
8515	8478	2625	63628	36423	36424
9170	2007	7323	30836	30835	58623
1625	1581	1624	27078	27077	27468
1855	1799	3265	28960	28962	29450
7195	8215	8304	58087	62470	58088
5910	3001	3085	39557	39556	40093
7232	2076	2019	31464	30934	30935
9606	7930	5308	61265	50153	50154
8677	8676	2715	64476	37210	37211
7070	6970	1884	57111	29718	29719
8785	3574	5447	42889	42888	50733
7900	7847	2153	60918	32163	32161
10889	2504	2445	35362	34828	34829
8781	3185	3649	40696	40695	43310
8036	8035	2413	61728	34539	34542
6430	6426	1472	54746	26088	26089
10699	7478	2147	59330	32110	32111
8304	2544	2977	35726	35725	39407
7724	7721	2265	60406	33184	33185
10890	5244	2570	49887	35940	35941
3159	3168	3876	40529	40585	40532
1907	1882	10631	29700	29702	29926
6915	1826	6871	29193	29192	56682
9423	5296	3208	50097	40835	40836
3469	1552	1468	26810	26050	26051
8977	2771	2752	37710	37540	37541
9052	8967	3583	65526	42939	42941
8837	8469	3668	63589	43402	43403
6295	1468	1552	26053	26050	26812
8750	2649	8677	36639	36638	64482
8099	7955	2378	61389	34213	34214
9103	2821	2823	38161	38160	38180
9746	1912	7023	29963	29965	57349
7630	7483	2151	59346	32142	32143
8667	2465	4379	35009	35008	46451
9826	7786	9471	60668	60667	67239
3262	2567	2583	35917	35916	36050
6351	1493	6241	26281	26280	53992
7223	1985	7159	30640	30639	57950
1799	1773	3384	28731	28732	28963
1799	1855	1773	28960	28730	28731
9847	2376	7950	34195	34194	61364
9772	7333	8796	58673	58672	64931
5697	1793	1817	28915	28914	29117
7229	1988	7168	30661	30660	57984
7611	7563	2190	59697	32504	32505
10990	2754	8985	37557	37556	65586
5697	3003	3145	39569	39567	40446
2752	2771	3572	37540	37711	37543
10550	3094	9500	40141	40140	67340
7061	1930	7014	30144	30146	57316
8550	2937	7531	39151	39150	59554
9510	8632	2647	64280	36620	36621
7069	1937	3035	30209	30208	39776
8131	6769	2464	56202	35000	35001
10798	7929	9843	61260	61259	68188
8130	2463	6769	34992	34991	56204
8254	2418	2417	34591	34578	34579
7465	2138	2114	32035	31798	31799
3888	3040	2784	39805	37820	37821
7273	4037	3523	45105	42620	42621
7798	7794	2249	60702	33038	33036
8387	2538	2581	35663	35666	36038
7842	7841	2328	60896	33743	33744
5034	3235	3079	40992	40056	40057
7149	1979	3663	30582	30581	43366
8742	2739	2716	37426	37221	37222
3274	2663	2662	36760	36754	36753
8978	8977	2752	65558	37541	37544
6183	1402	3562	25470	25469	42829
10747	2140	9801	32050	32049	68081
10389	8509	6018	63778	53059	53061
7521	7520	2170	59512	32325	32326
9881	8305	2489	62851	35233	35235
7640	1825	7020	29185	29184	57339
6252	1440	1442	25803	25806	25819
8688	2367	8036	34109	34108	61735
7899	2305	2277	33538	33286	33287
6299	1441	1402	25811	25472	25473
6018	2636	3768	36516	36515	43920
1395	3138	3216	25405	40405	25406
8790	8789	8735	64907	64706	64707
10717	7564	2135	59700	32008	32009
10824	8077	3904	61888	44574	44575
6818	1733	1695	28391	28059	28060
3888	3903	3040	44504	39807	39805
9837	2356	7905	34017	34016	61168
8750	8748	8686	64753	64519	64520
7381	2097	3838	31650	31649	44270
10924	9388	2649	66965	36641	36642
7163	7112	1959	57738	30404	30401
11299	3680	2715	43456	37216	37217
7676	7623	2193	59963	32535	32536
6362	1440	1512	25808	25807	26451
10873	2519	8292	35500	35499	62801
8791	2751	2711	37537	37180	37178
8560	5910	2665	52600	36785	36786
1546	1468	1502	26056	26055	26358
8008	3470	2402	42330	34440	34441
7788	2268	2298	33214	33213	33476
3384	1773	3129	28732	28733	40353
8606	4426	2746	46625	37485	37484
8472	8386	2620	63209	36376	36378
9872	2487	3818	35218	35217	44172
9042	8978	2752	65561	37544	37545
10980	7672	8801	60187	60186	64944
7963	2381	7962	34246	34245	61414
10918	8382	2604	63191	36238	36239
10711	7372	2045	58840	31171	31176
8292	2537	8291	35655	35654	62800
6916	1854	6915	29443	29442	56865
10811	9380	2372	66937	34156	34157
8477	2624	2625	36412	36411	36426
2685	2643	2644	36585	36584	36594
9872	8177	5686	62295	51694	51695
2427	2382	2356	34250	34018	34019
8632	8602	2647	64167	36623	36620
9504	6041	2936	53157	39143	39145
3770	3779	3668	43929	43400	43405
9800	7573	2196	59736	32560	32557
7999	2329	7998	33756	33755	61570
9826	3117	2297	40271	33464	33465
2564	2581	2538	35891	35666	35667
8478	2607	8477	36258	36257	63625
8298	2538	8293	35669	35668	62806
7786	2219	7673	32779	32778	60192
2639	3779	3770	36540	43929	36541
7949	2305	7899	33540	33538	61141
10452	1555	6430	26836	26835	54761
1797	1732	1828	28385	28384	28946
11200	10389	3104	69405	40190	40191
8481	8477	2607	63626	36257	36260
10924	2649	8686	36642	36644	64522
7338	2076	7337	31461	31466	58689
3221	3449	3229	40905	40956	40906
7531	3829	2177	44227	32387	32388
7287	1937	2019	30212	30211	30937
8996	3523	5296	42618	42622	50099
3145	1763	3418	28656	28654	40448
5337	3351	3258	41670	41119	41121
6241	1430	3676	25723	25722	43437
2570	2526	8306	35560	35562	35943
9356	3256	8252	41105	41104	62630
8291	2464	8290	35003	35005	62797
8846	2748	8782	37505	37504	64890
9096	9093	2818	65972	38128	38134
9352	3130	8910	40361	40360	65338
8782	2748	5447	37504	37506	50735
8292	8291	8290	62800	62797	62794
3892	2216	2322	32749	32748	33685
8726	8592	2662	64119	36756	36757
10888	8394	2585	63234	36065	36066
3760	2689	2688	36999	36995	36996
10860	8270	2507	62704	35393	35394
7022	1854	6916	29445	29443	56871
9043	3658	2789	43343	37870	37871
8301	2443	8258	34810	34809	62654
8781	2559	3185	35848	35847	40696
8519	2642	2628	36573	36447	36448
2438	3256	9356	34763	41105	34764
9301	6945	2539	57017	35678	35679
1625	1733	1668	27477	27840	27480
7471	7520	7521	59297	59512	59298
2739	3455	3215	37428	40878	37429
10622	6970	7070	57112	57111	57554
7791	7676	2300	60206	33493	33494
8171	3301	2417	41362	34575	34580
8467	8466	8425	63574	63375	63376
3610	3818	2487	43097	35217	35216
7611	2191	7565	32519	32518	59704
9081	2559	5995	35851	35850	52971
3449	3221	3056	40905	39922	39923
7197	3449	3056	42216	39923	39920
7611	7565	7563	59704	59699	59697
7578	7577	2200	59751	32597	32601
8051	2382	2427	34252	34250	34675
2624	2643	2684	36414	36587	36415
2604	2582	2638	36044	36041	36240
7991	2325	2298	33718	33477	33478
5583	3013	2053	39641	31249	31250
3829	2147	2177	32114	32113	32387
7739	2246	7679	33019	33018	60218
2502	3262	2583	35345	36050	35347
10763	2271	7737	33242	33241	60477
7263	2007	2039	30838	30829	31116
6860	1753	6859	28574	28573	56640
2368	2394	2415	34118	34365	34115
2711	3515	3637	37181	42576	37183
8511	2636	8510	36519	36518	63782
2245	2196	7622	32561	32563	33006
2196	7572	7622	32562	59731	32563
10660	7278	1956	58426	30378	30379
8355	2586	7197	36075	36074	58098
10681	7371	4288	58836	46093	46094
6538	1614	1659	27381	27385	27757
10747	9801	7672	68081	60189	60190
2754	2805	2824	37559	38012	37560
8081	2415	8080	34561	34560	61901
3044	3683	3572	39832	42881	39833
9476	2789	12843	37873	37874	67259
7264	2008	7209	30841	30840	58146
10995	2771	8977	37712	37710	65559
9511	3091	8298	40119	40118	62829
8554	2661	2638	36745	36534	36535
11260	7940	7996	61319	61318	61565
10971	2151	7482	32148	32147	59341
1796	1822	1793	28937	28918	28919
8391	8304	2504	62847	35364	35365
10704	7540	2054	59590	31262	31263
10834	8249	2462	62615	34974	34975
7061	7014	1818	57316	29129	29130
1432	1395	3452	25408	25409	25737
10978	3467	8606	42316	42315	64184
8393	8391	2504	63221	35365	35366
8306	2526	8267	35562	35563	62695
10471	1551	6423	26800	26799	54735
11310	11094	2963	70978	39321	39322
9170	7468	2007	59286	30830	30836
3194	3241	2735	40744	37393	37394
10701	7485	9785	59355	59358	68038
2644	2643	2627	36584	36442	36439
7837	3117	5594	40274	40273	51328
8428	3401	2936	41954	39146	39147
10622	7070	7023	57554	57351	57352
1934	1882	1878	29703	29665	29661
1882	1823	1878	29174	29169	29665
10262	8127	5308	62096	50157	50156
3294	3091	11094	40122	40121	41308
9081	3552	3642	42782	42781	43278
10888	2585	8391	36066	36068	63222
10660	7275	2048	58417	31200	31201
9837	7904	7955	61163	61162	61391
8801	7670	2216	60176	32750	32751
2785	3168	2768	37831	37678	37679
8739	2685	2738	36961	36960	37420
8291	3301	8171	41363	41362	62274
2527	2490	8221	35238	35240	35571
8375	8249	2518	62617	35489	35490
10640	1903	9369	29887	29886	66892
10703	7489	9786	59378	59377	68040
6183	3562	1398	42829	25435	25436
1953	3796	3207	30351	40830	30354
8904	2018	8796	30927	30926	64932
8481	2627	2624	36443	36416	36417
10426	6253	6189	54039	53781	53782
8301	2542	2446	35705	34836	34837
8602	2688	3351	36997	36991	41672
10873	8290	8250	62795	62624	62625
2971	2192	2217	32531	32530	32754
7834	7722	2190	60409	32507	32508
9736	6958	6961	57071	57070	57082
7375	2046	2093	31181	31185	31614
7935	2300	2219	33496	32782	32783
2642	2976	2628	36575	36452	36447
11310	2963	2371	39322	34147	34148
9772	7329	7333	58649	58648	58673
3138	3676	3216	40407	40882	40405
3901	2323	3688	33697	33695	43503
6255	1403	1442	25482	25487	25823
3658	2821	2804	38163	38001	38008
1931	3663	3130	30152	40363	30153
8115	7112	1908	57739	29931	29932
11242	7228	7229	58222	58221	58227
8662	2709	3348	37159	37162	41649
6187	3562	1404	42827	25492	25493
7785	2244	7784	33001	33000	60659
9671	6253	6293	54042	54038	54213
7573	7572	2196	59732	32562	32560
6515	2445	2504	34831	34828	35367
2043	2010	3207	30864	30863	31149
8115	1908	1854	29932	29446	29447
1799	1829	3265	28966	29214	28962
1799	1798	1829	28951	28954	28966
7833	2322	3688	33688	33687	43498
8976	2984	2681	39449	36929	36931
10834	2462	8335	34975	34977	62984
6469	1502	1495	26364	26296	26299
6915	1797	1828	28948	28946	29208
8793	3900	2750	44554	37525	37526
10749	2219	2300	32784	32782	33497
8382	8341	2562	63013	35875	35876
1827	1823	1882	29175	29174	29202
1761	1823	1827	28641	29175	28638
8562	2587	8561	36088	36087	63981
3258	2689	2644	37001	36598	36599
7070	1884	1938	29719	29721	30225
7223	7163	1959	57969	30401	30405
8985	2824	2806	38191	38023	38020
9070	8734	2639	64701	36543	36537
8251	3256	4379	41109	41108	46453
10811	3166	2376	40574	34197	34198
7564	2136	2135	32017	32006	32008
8428	8426	2602	63380	36221	36217
2144	2174	2198	32084	32360	32085
2174	2144	2119	32084	31850	31851
1827	1829	1798	29205	28954	28955
7278	2048	2049	31203	31202	31206
1614	1656	1659	27387	27744	27385
1656	1724	1659	27743	27759	27744
7565	2138	2137	32037	32026	32023
10799	2371	2395	34151	34150	34377
1552	1581	1512	26814	26453	26454
1882	1934	10631	29703	30183	29702
1934	7109	10631	30181	57728	30183
1688	1763	1755	28016	28592	28017
7640	1822	1825	29167	29166	29185
7728	2244	2245	33004	33003	33007
9458	2681	3241	36932	36928	41026
9411	8392	2585	63226	36070	36071
3770	2681	2639	36933	36544	36541
10805	2324	7836	33708	33707	60870
9847	3546	2376	42740	34199	34195
7998	2328	2304	33748	33528	33529
10829	8102	2426	61994	34665	34666
6658	1668	1697	27842	27841	28079
6515	2504	3362	35367	35368	41733
7963	2382	2381	34254	34247	34246
8910	3130	3663	40360	40363	43368
7335	7334	2075	58677	31457	31458
10662	2049	7329	31209	31208	58651
6363	1442	6362	25826	25825	54487
7996	7940	2327	61318	33738	33739
8791	9476	12843	64916	67259	64917
7285	7284	2053	58454	31252	31253
10711	7569	2145	59720	32093	32094
8267	2445	2422	34825	34628	34629
8294	8251	8293	62629	62628	62809
10505	3676	3138	43439	40407	40408
9872	3818	8177	44172	44173	62295
1825	1822	1796	29166	28937	28939
9843	7929	7930	61259	61261	61270
8554	2638	5468	36535	36536	50818
1912	2019	1937	29966	30211	29967
1754	1755	6755	28586	28595	28584
1755	1754	1688	28586	28014	28017
7841	2177	2200	32384	32390	32594
9500	1773	1772	28735	28724	28725
7787	2219	7786	32785	32779	60670
8251	2520	3256	35506	35505	41109
7567	2115	2138	31810	31809	32033
1855	1910	1911	29452	29951	29454
8090	2443	2446	34813	34812	34839
8726	2663	2708	36765	36764	37149
8734	3574	2737	42891	37411	37412
8342	8341	8294	63016	62811	62812
1754	6755	6759	28584	56151	28587
7631	7586	2224	59783	32822	32823
10550	1734	3094	28405	28404	40141
1724	1757	1759	28312	28606	28313
1659	1724	1759	27759	28313	27761
3901	2393	7988	34353	34355	44559
6814	1695	1726	28067	28066	28325
9898	8376	8336	63163	62987	62989
9009	3684	3274	43476	41198	41199
4798	2539	2537	35673	35657	35658
1763	1688	1689	28016	28018	28020
1688	1618	1689	27423	27424	28018
8677	2649	8603	36638	36646	64172
9772	8796	2018	64931	30926	30928
3312	8482	3593	41429	42996	41430
1688	1724	1656	28019	27743	27741
1754	1724	1688	28310	28019	28014
1654	1536	1618	26664	26665	27419
1688	1658	1618	27754	27421	27423
7576	7575	2199	59742	32587	32588
7748	2279	2937	33305	33304	39153
2417	3301	3275	34575	41201	34581
8131	2324	3095	33709	33703	40145
8115	1854	7069	29447	29448	57551
8718	3420	2733	42063	37375	37376
7374	1984	1985	30630	30629	30641
6548	1554	6426	26833	26832	54748
6770	1772	1732	28727	28387	28388
8359	2570	8271	35944	35938	62710
2465	2416	2415	34569	34562	34564
9380	2376	3235	34201	34200	40994
9841	7884	9832	61088	61087	68161
7634	7591	2156	59805	32193	32194
6293	1432	6292	25739	25738	54207
11030	2819	9093	38140	38143	65973
10995	8977	3813	65559	44148	44146
3880	2708	3840	37152	37151	44280
9458	2639	2681	36545	36544	36932
2402	2404	8102	34443	34463	34444
7466	7463	2137	59263	32028	32029
2789	3658	12843	37870	43347	37874
8481	2583	2627	36053	36052	36443
9134	3514	4037	42569	42568	45107
7279	7109	1956	57729	30376	30381
2170	2043	2144	31152	31151	32081
6818	6817	1798	56438	28956	28957
8550	7748	2937	60525	39153	39151
7426	7373	2119	58845	31853	31854
10248	3188	3177	40712	40639	40640
10835	8248	8127	62613	62098	62099
6763	1577	6762	27041	27040	56180
8268	8267	2526	62696	35563	35564
8837	2537	8469	35661	35660	63589
8131	8082	2324	61905	33710	33709
7788	2298	2325	33476	33477	33720
7381	7333	2072	58670	31425	31426
11265	7949	7899	61355	61141	61142
9785	7489	7490	59379	59374	59385
9081	5995	2637	52971	36524	36525
8289	2501	8252	35335	35339	62632
1825	3277	1826	29187	29195	29188
7989	2265	2264	33187	33174	33175
10990	8875	8799	65204	64938	64939
6469	1574	1577	27023	27022	27043
3104	3649	2501	40192	35340	35334
8467	3200	3401	40786	40785	41959
8527	5910	2648	52601	36628	36629
8247	8077	2438	61890	34765	34766
3515	2663	3545	36767	36762	42577
8678	2716	2648	37227	36631	36632
3215	2642	2664	36578	36577	36771
7231	2019	1912	30939	29966	29969
7209	7263	7264	58148	58372	58146
8081	2440	2465	34788	34787	35011
2582	2604	2562	36044	35879	35878
1732	1665	9460	27810	27807	28389
1732	1797	1665	28385	27806	27810
5694	3384	3129	41868	40353	40355
8382	2562	2604	35876	35879	36238
10710	9801	2140	68083	32049	32052
7955	7904	2378	61162	34216	34213
6253	6252	1403	54036	25486	25488
7883	7882	7785	61073	60661	60666
5995	2636	2637	36521	36520	36524
8171	8082	8131	61908	61905	62116
7786	7673	2217	60192	32756	32757
8306	8220	2507	62491	35395	35388
7471	7323	2069	58627	31393	31394
1430	1495	1432	25725	25740	25726
6612	5295	3676	50095	43440	43441
8342	2582	2562	36045	35878	35880
8301	2446	2443	34837	34812	34810
2191	7723	7612	32521	59915	32523
10733	7614	10730	59920	59923	70187
7884	7670	7882	60177	60174	61074
8551	2636	8511	36512	36519	63786
7576	2145	7575	32096	32095	59742
10660	2048	7278	31201	31203	58426
3572	2739	3044	37432	37431	39833
9833	2216	7670	32743	32750	60178
10795	7953	7904	61383	61165	61166
7680	2174	9463	32361	32363	60224
2174	9287	9463	32362	66633	32363
7464	7463	2039	59266	31121	31122
5686	2397	5034	34393	34392	49049
9098	9096	9090	65984	65961	65958
7432	3013	5583	39639	39641	51275
8140	2450	8099	34874	34873	61988
8180	2401	2421	34430	34433	34619
8215	2487	3362	35221	35220	41735
7635	2154	7591	32175	32173	59807
7834	2323	7722	33699	33698	60409
10701	9785	2154	68038	32176	32177
8850	2750	8790	37529	37528	64911
10698	2114	7264	31802	31801	58377
10248	3177	8394	40640	40641	63236
3108	3467	2734	40217	37387	37388
10248	5244	3188	49890	40714	40712
3782	2097	2075	31654	31452	31449
7016	1820	3450	29148	29147	42222
10493	1502	6469	26365	26364	54920
8796	7333	3838	58672	44269	44272
6658	1697	6548	28079	28081	55256
7465	2137	2138	32030	32026	32035
8726	2662	2663	36757	36754	36765
7965	2382	7964	34256	34255	61419
7021	3265	1907	41155	29927	29928
7540	7493	2156	59395	32196	32197
6871	1826	6870	29192	29197	56679
7468	2135	7464	32010	32003	59271
2992	1881	3248	29689	29688	39498
2153	7484	10701	32165	59352	32167
3216	3676	3452	40882	42235	40884
8303	2542	2543	35708	35707	35713
10389	8781	3104	64889	40193	40190
10981	8748	8799	64756	64755	64941
10730	2217	7619	32760	32759	59947
8081	2465	2415	35011	34564	34561
7834	7833	2323	60862	33696	33699
8171	8131	2464	62116	35001	35006
10702	7485	2122	59359	31875	31876
7965	7905	2382	61170	34257	34256
8267	2422	8220	34629	34631	62490
8735	8734	2737	64703	37412	37414
7323	7322	2069	58620	31396	31393
8271	8270	8185	62707	62327	62328
8551	2638	2661	36533	36534	36747
2045	2044	2142	31160	31161	31177
7680	7678	2198	60215	32574	32577
10493	6543	1502	55233	26366	26365
8304	2977	7195	39407	39408	58088
10765	7748	8550	60526	60525	63943
5468	3274	2662	41200	36753	36758
9380	2397	2372	34395	34159	34156
11260	7996	2397	61565	34396	34397
10661	7109	7279	57725	57729	58430
8469	2537	8292	35660	35655	62803
6041	2735	3241	37397	37393	41030
10703	7540	7490	59592	59387	59381
7566	2138	7565	32038	32037	59706
2564	2538	3091	35667	35670	35893
9800	2243	7672	32997	32994	60191
5034	3079	3362	40057	40059	41737
9798	7723	2192	60413	32533	32534
7989	7836	2265	60872	33188	33187
9746	7023	7071	57349	57353	57556
9098	2823	2836	38184	38181	38300
9667	6186	6185	53770	53762	53763
10672	1977	8972	30563	30562	65539
6515	3362	3079	41733	40059	40060
6188	6183	6186	53760	53759	53771
2446	8180	8096	34841	61971	34842
3723	2008	2040	30848	30847	31126
10452	6363	6362	54490	54487	54488
7107	1956	1934	30383	30180	30184
3680	3813	2754	43453	37565	37566
8396	8359	8395	63085	63084	63239
6363	1472	1442	26092	25824	25826
7847	7752	2153	60535	32168	32163
5337	3258	2644	41121	36599	36600
8301	8258	2542	62654	35709	35705
9042	2819	8978	38145	38144	65561
8807	2755	8804	37576	37575	64951
1668	1555	1581	26839	26838	27080
7273	3523	2046	42621	31187	31188
8467	3401	2602	41959	36216	36222
7934	7787	2369	60672	34126	34127
10978	8606	2746	64184	37484	37486
7576	2148	2145	32123	32090	32096
6961	6958	1878	57070	29666	29667
11264	2449	2422	34862	34632	34633
3278	2685	2689	36964	36963	37003
7996	2327	2372	33739	33740	34161
6423	1550	6421	26791	26790	54730
8289	8252	2520	62632	35508	35509
2473	2450	3229	34875	34877	35075
2450	3221	3229	34876	40906	34877
3798	2785	3040	37830	37837	39808
6863	6758	1758	56161	28616	28617
7630	2151	2937	32143	32150	39154
3819	3865	2136	44177	32015	32019
8095	8090	2446	61950	34839	34843
8251	4379	2465	46453	35008	35013
10701	2154	2153	32177	32160	32167
1930	1953	3207	30148	30354	30149
10800	7962	2226	61415	32846	32847
9103	2833	2821	38268	38158	38161
8143	2427	2356	34676	34019	34024
7578	2177	2147	32391	32113	32116
10834	8335	8127	62984	62100	62101
6814	1764	1798	28662	28664	28958
3276	2462	2519	34979	34978	35502
8976	2681	2603	36931	36228	36229
2586	3085	3001	36079	39556	36077
9800	7616	7573	59934	59738	59736
10835	2392	8248	34346	34345	62613
9009	5468	2620	50820	36380	36381
9009	5970	3684	52855	43474	43476
2564	3302	2502	35894	35349	35350
7059	1978	1904	30575	29899	29900
7903	7901	2332	61149	33789	33790
7197	2586	3881	36074	36080	44471
7491	7338	2075	58698	31455	31459
7337	2020	7335	30945	30944	58680
9836	7901	7903	61151	61149	61160
7998	7997	2398	61568	34404	34405
5970	2955	3545	39264	39263	42737
7059	7013	1903	57311	29889	29890
8785	5447	2748	50733	37506	37509
9048	9043	2790	65781	37883	37881
1909	7158	1881	29943	29691	29692
9755	7159	1984	57952	30631	30632
2771	2716	2739	37229	37221	37433
8799	8748	2715	64755	37218	37219
7264	2114	2008	31801	30849	30841
7168	7166	1938	57981	30220	30222
9671	1440	6252	25810	25803	54037
9053	2792	8981	37898	37897	65573
9836	7903	2355	61160	34002	34006
8259	8254	2521	62639	35513	35519
5694	3129	4648	40355	40357	47503
6362	1442	1440	25825	25806	25808
9800	2196	2243	32557	32564	32997
10505	6612	3676	55518	43441	43439
10835	10262	2392	69146	34348	34346
3770	2603	2681	36230	36228	36933
8629	2625	2624	36429	36411	36418
10775	7729	7730	60443	60442	60447
2501	3649	3185	35340	40695	35341
2296	2267	2325	33203	33200	33455
7616	2170	7573	32328	32327	59738
8672	8671	2714	64459	37200	37201
11242	1910	10661	29953	29952	70038
9115	2805	2819	38015	38014	38139
3403	2329	2279	33757	33310	33311
8352	3262	2487	41137	35215	35223
7423	2010	2043	30865	30864	31153
6430	1472	6363	26089	26092	54491
6817	1695	6814	28068	28067	56432
9841	7929	7884	61262	61084	61088
7471	2140	3799	32054	32053	44078
9843	3688	2322	43504	33687	33690
10889	8268	8393	62699	62698	63233
8249	8127	2518	62103	35492	35489
2627	2583	2629	36052	36054	36445
8035	2367	2347	34113	33928	33929
1793	1820	1817	28911	29124	28914
2603	3770	3668	36230	43405	36225
7612	7566	2191	59708	32524	32523
8850	8790	8785	64911	64896	64897
7849	2154	7635	32178	32175	60011
3840	3876	2733	44277	37378	37379
10850	8187	8144	62340	62166	62167
6252	1442	1403	25819	25487	25486
7157	1881	7158	29694	29691	57943
8097	2426	2449	34671	34670	34864
7842	2328	3403	33744	33750	41973
6819	1798	1799	28959	28951	28964
7163	1909	7112	29945	29944	57738
6041	2660	2735	36740	36735	37397
8144	8143	2473	62165	35077	35078
6958	6864	1819	56657	29139	29140
6658	6548	1555	55256	26842	26843
8478	2623	2607	36401	36263	36258
3442	2568	2976	35922	35921	39404
8295	2521	3275	35521	35520	41203
10978	2734	3467	37385	37387	42316
10704	2054	7288	31263	31264	58470
3469	1624	1552	27471	26815	26810
6760	1759	1760	28624	28623	28631
6770	1732	6714	28388	28390	55956
1988	2020	7167	30667	30943	30669
7166	1988	7167	30668	30669	57980
10846	8186	8221	62332	62335	62495
7485	7484	2122	59353	31878	31875
10849	10847	2404	70432	34461	34465
6538	1574	1572	27019	27009	27006
2664	3348	3215	36773	40880	36771
8258	2523	2542	35533	35532	35709
6253	1403	6189	25488	25489	53781
7841	7796	2304	60713	33530	33531
9411	8526	8392	63839	63228	63226
9458	3194	9070	40746	40749	65887
7335	2020	7334	30944	30946	58677
9380	3235	5034	40994	40992	49050
10435	9671	6293	67737	54213	54215
8082	7837	2324	60875	33711	33710
8481	2607	2583	36260	36055	36053
8509	2636	6018	36522	36516	53059
11299	8676	8908	64479	64478	65325
6185	1367	1395	25172	25171	25412
8785	2737	3574	37415	37411	42889
8718	2733	3101	37376	37380	40177
10846	8185	8186	62331	62330	62332
10897	8426	8428	63382	63380	63393
1625	1668	1581	27480	27080	27078
11129	10790	7882	70304	61075	61076
8352	2977	2567	39409	35914	35919
8977	2805	3813	38009	38016	44148
7531	2937	2151	39150	32150	32151
9606	9283	3901	66623	44560	44561
6417	6416	6251	54713	54026	54027
8051	2404	2381	34464	34248	34243
9411	3177	3188	40642	40639	40715
7723	2217	2192	32762	32530	32533
3216	3452	1395	40884	25409	25406
6292	1432	1502	25738	25742	26368
3511	2542	2523	35712	35532	35535
8140	8099	2401	61988	34436	34437
4648	3133	1697	40377	28084	28085
8739	2684	8597	36953	36952	64143
7933	2325	2368	33722	33721	34119
1697	3094	1734	28086	28404	28077
4037	3514	3523	42568	42571	42620
9912	8427	8426	63389	63383	63384
11200	10918	8509	70610	63779	63780
9785	7490	2154	59385	32179	32176
8352	2567	3262	35919	35917	41137
2544	2629	2567	35727	35920	35724
9048	2821	9043	38166	38165	65781
8427	2602	8426	36223	36221	63383
4648	3129	3133	40357	40358	40377
6652	1543	1548	26725	26724	26771
8853	2751	2768	37535	37538	37681
2836	2806	2824	38024	38023	38193
2581	2623	2620	36039	36382	36035
8515	2623	8478	36403	36401	63628
8685	2688	8602	36998	36997	64170
2450	3056	3221	34872	39922	34876
10681	7423	7371	59080	58837	58836
7264	7263	2039	58372	31116	31123
8510	2636	8509	36518	36522	63781
10971	3829	2151	44229	32152	32148
10805	7989	7987	61531	61524	61525
8981	2806	2823	38026	38025	38185
10550	6714	1734	55958	28407	28405
3515	2711	2663	37181	36768	36767
9352	1954	3130	30359	30360	40361
8782	5447	3194	50735	40750	40751
8432	2523	8385	35538	35537	63204
6915	6871	1797	56682	28949	28948
2044	2115	2142	31163	31806	31161
9504	2936	9202	39145	39148	66357
8180	2421	8096	34619	34620	61971
10542	3248	3450	41069	41068	42224
2768	2804	2785	37675	37833	37679
8511	2604	2638	36236	36240	36532
1905	3450	1881	29911	29695	29696
8735	8729	8734	64681	64684	64703
2069	7423	7520	31398	59081	31399
7423	2069	7371	31398	31397	58837
8433	3511	2523	42556	35535	35540
2577	3517	3102	36003	40179	36004
3132	3161	1551	40373	26804	26796
2245	7622	7674	33006	59962	33009
10924	8686	8531	64522	63853	63854
6862	6860	6861	56642	56644	56647
10672	8972	7322	65539	58621	58622
10699	8731	7479	64691	59334	59335
9093	2803	2818	37991	37995	38128
6967	1827	1882	29206	29202	29706
2659	3642	3552	36730	42781	36731
6705	1546	6543	26751	26756	55235
9096	2818	9090	38134	38135	65961
7676	2193	7620	32536	32538	59954
5318	3079	3235	40061	40056	40990
10662	9772	2018	68011	30928	30929
9898	2559	2577	35855	35853	36005
7784	2244	7728	33000	33004	60437
10452	1512	1555	26457	26456	26836
9201	7842	3403	60902	41973	41970
8291	8171	2464	62274	35006	35003
7483	7482	2151	59343	32147	32142
10794	7899	2277	61143	33287	33289
7901	2154	7849	32180	32178	60928
9841	9832	2347	68161	33931	33932
8433	2606	3511	36249	36248	42556
8526	2544	8392	35728	35721	63228
6819	5694	1733	51727	28396	28400
9511	8298	2440	62829	34782	34785
9283	3762	8786	43891	43890	64898
1512	1581	1555	26453	26838	26456
10819	2355	8043	34008	34007	61757
9476	2714	2789	37204	37203	37873
7163	7159	1909	57953	29946	29945
2568	3442	3085	35922	40096	35924
10794	2277	7752	33289	33290	60537
2806	2836	2823	38024	38181	38025
8739	2738	8671	37420	37424	64455
7962	2381	2332	34245	33791	33787
10824	2438	8077	34767	34765	61888
3229	3449	2527	40956	35572	35573
7333	7329	2072	58648	31427	31425
8554	5468	2662	50818	36758	36759
7374	2094	7373	31625	31624	58842
8290	2463	8250	34996	34988	62624
8392	8391	2585	63223	36068	36070
8254	2417	2521	34579	34586	35513
6961	1878	1823	29667	29169	29172
9106	9096	2836	65981	38301	38298
6300	1441	6299	25816	25811	54241
3469	1546	1624	26757	26754	27471
8742	2716	8678	37222	37227	64487
10889	8393	2504	63233	35366	35362
7737	2271	7733	33241	33244	60465
10452	6430	6363	54761	54491	54490
3876	3840	3159	44277	40535	40532
7285	2053	3013	31253	31249	39644
7989	2264	7987	33175	33177	61524
8080	2415	2394	34560	34365	34368
7950	2376	3166	34194	34197	40572
9801	7521	7616	59517	59516	59936
10661	1910	1907	29952	29929	29923
7107	7106	1955	57714	30370	30371
8095	2421	2398	34621	34402	34406
10763	7737	7739	60477	60479	60486
3605	3762	3186	43074	40703	40704
10662	7279	7278	58433	58428	58429
8467	8425	2577	63376	36006	36007
7586	2205	2224	32643	32642	32822
10870	8303	8264	62844	62682	62680
10918	2604	8510	36239	36235	63784
10778	7799	7794	60718	60704	60705
7993	2395	2440	34379	34376	34789
8790	8735	2737	64707	37414	37416
8177	2397	5686	34398	34393	51694
7167	2020	1987	30943	30654	30655
10816	8038	10807	61741	61740	70346
7059	7015	7013	57324	57313	57311
2372	2327	2352	33740	33741	33977
8786	3762	2463	43890	34997	34998
8875	2806	2755	38019	37577	37572
4349	3412	3410	42026	42011	42008
11299	10995	3680	70785	43454	43456
8144	2427	8143	34677	34676	62165
11200	8509	10389	63780	63778	69405
5910	3085	2665	40093	36790	36785
3760	2688	2717	36996	36993	37241
10971	8731	10699	64693	64691	70112
7168	1938	1911	30222	29959	29956
10717	3799	2140	44079	32053	32055
11310	2371	3610	34148	34145	43101
9736	1757	6958	28608	28607	57071
11242	1911	1910	29960	29951	29953
6412	1466	1500	26039	26037	26344
8562	3196	2587	40765	36081	36088
8387	2581	8386	36038	36036	63207
8341	8289	2520	62792	35509	35511
8678	8560	2665	63978	36786	36791
8425	8249	8375	62621	62617	63159
10733	7619	7568	59949	59718	59719
9836	9835	7901	68170	61152	61151
9052	3583	3674	42941	42943	43425
7788	2325	2267	33720	33200	33208
3903	3798	3040	44073	39808	39807
8250	3276	2519	41207	35502	35503
7279	2018	7228	30932	30931	58224
6186	1398	6185	25439	25438	53762
6548	6430	1555	54763	26835	26842
10640	8972	1977	65541	30562	30565
9761	1979	7209	30585	30584	58151
7798	7744	2277	60505	33291	33292
7577	7576	2199	59749	32588	32581
7531	2151	3829	32151	32152	44227
8972	3593	7322	43000	42998	58621
9009	2620	5970	36381	36383	52855
7013	1758	6861	28619	28618	56648
9283	3186	3762	40705	40703	43891
3330	3410	3297	41538	41332	41333
9842	2347	2367	33933	33928	34111
8007	2401	2378	34434	34217	34218
7478	2093	2148	31620	31619	32124
9471	7725	3117	60420	40281	40282
3112	2751	12843	37532	37539	40241
8394	3177	2585	40641	36073	36065
9134	1954	7272	30362	30361	58405
9460	3132	6714	40376	40375	55960
7954	2378	7953	34220	34219	61381
10888	8391	8393	63222	63221	63230
2739	3572	2771	37432	37711	37433
9460	6714	1732	55960	28390	28389
8382	2536	8289	35651	35649	62793
10971	2147	3829	32118	32114	44229
9411	2647	8526	36626	36625	63839
7833	3892	2322	44522	33685	33688
1572	1574	1493	27009	26277	26284
11299	2715	8676	37217	37210	64479
9798	2138	7566	32039	32038	59709
8515	5970	2623	52856	36404	36403
8782	3194	2735	40751	37394	37399
10990	8799	2754	64939	37567	37557
8039	2368	2415	34120	34115	34565
7337	7232	2020	58238	30948	30945
9380	5034	2397	49050	34392	34395
9123	5318	3465	50199	42299	42301
8355	7197	8305	58098	58099	62852
7578	2200	2177	32601	32390	32391
8716	3200	3102	40790	40181	40182
2715	3680	2754	37216	37566	37220
10980	3819	10747	44179	44178	70229
3276	3605	2462	41208	34982	34979
8526	3351	5337	41673	41670	50278
10663	2053	7284	31254	31252	58457
3452	3676	1430	42235	25722	25727
8904	3782	7334	43993	43991	58678
8115	7069	3035	57551	39776	39777
9504	2660	6041	36742	36740	53157
9836	2331	9835	33776	33775	68170
7737	7733	2246	60465	33020	33021
7895	2352	7799	33980	33979	60720
10850	2473	8221	35081	35080	62497
8184	2489	2450	35237	34878	34879
3302	3294	11310	41307	41311	41369
10897	8469	8426	63593	63385	63382
10607	7015	6863	57325	56654	56655
8790	2737	8785	37416	37415	64896
8837	3668	3036	43403	39780	39785
9833	7884	7929	61091	61084	61264
2582	8342	8387	36045	63021	36046
8633	3099	2650	40170	36649	36652
8291	6945	3301	57020	41360	41363
8385	2523	2521	35537	35523	35516
8259	2523	8258	35541	35533	62656
8077	2392	3904	34350	34349	44574
8392	2544	8304	35721	35726	62848
7285	3013	1959	39644	30406	30407
7729	7728	2245	60440	33007	33010
10542	3450	1820	42224	29147	29151
10704	7493	7540	59397	59395	59590
10774	2296	7883	33460	33459	61079
8961	2784	3040	37825	37820	39809
3275	2521	2417	35520	34586	34581
6705	6543	1577	55235	27044	27045
10607	6863	1758	56655	28617	28621
9010	8086	2369	61930	34130	34131
7988	2323	3901	33700	33697	44559
2647	9411	3099	36626	40167	36627
7322	3593	2069	42998	31400	31396
7848	2226	7962	32848	32846	60922
11129	7883	10806	61082	61081	70343
8081	8080	2440	61901	34790	34788
7208	1978	1977	30578	30566	30567
7378	2094	7374	31627	31625	58850
1404	1402	1441	25479	25472	25500
6543	1546	1502	26756	26358	26366
5970	2620	2623	36383	36382	36404
9070	3194	3574	40749	40752	42892
7998	2304	7997	33529	33533	61568
7493	2076	7492	31469	31468	59394
10758	7725	2191	60422	32525	32516
2271	3267	2298	33245	33480	33238
7834	2190	3892	32508	32512	44520
9106	2836	2824	38298	38193	38194
10805	7987	2393	61525	34358	34359
10980	3865	3819	44398	44177	44179
8186	8185	8102	62330	61997	61998
8177	2371	2397	34153	34152	34398
10795	7904	7808	61166	60759	60758
9458	9070	2639	65887	36537	36545
7220	7215	1905	58174	29908	29912
10829	2402	8102	34445	34444	61994
8097	2355	8050	34010	34009	61785
7785	2243	2244	32989	32998	33001
3085	2586	2568	36079	35925	35924
11028	2819	9042	38149	38145	65779
8808	7630	2937	59992	39154	39155
8738	3637	8672	43258	43257	64464
1395	1432	6293	25408	25739	25410
9843	9606	3688	67579	43500	43504
9202	2936	3401	39148	39146	41960
9283	8786	3901	64898	44563	44560
9835	2331	7847	33775	33777	60920
10794	7847	2331	60921	33777	33779
8790	2750	8789	37528	37530	64907
9736	1759	1757	28626	28606	28608
2147	2148	7577	32119	32125	32120
10846	8221	2490	62495	35240	35241
9784	2048	7375	31205	31198	58855
7061	1876	1930	29648	29643	30144
7567	2192	2971	32528	32531	39370
8801	7672	2243	60186	32994	32999
7849	7848	2332	60926	33786	33792
8264	8184	8180	62322	62309	62305
8472	2620	5468	36378	36380	50821
8738	2711	3637	37177	37183	43258
11030	9106	9115	66013	66016	66046
7724	2191	7721	32515	32526	60406
8298	3091	2538	40118	35670	35669
8789	3070	7103	40001	40000	57705
8469	2603	3668	36231	36225	43402
2040	3382	2115	31128	31815	31129
8247	2438	2517	34766	34768	35486
6818	1695	6817	28060	28068	56438
7905	7808	7904	60760	60759	61167
6755	1753	6862	28581	28579	56152
9369	3312	8972	41432	41431	65542
8688	7986	2367	61516	34114	34109
9832	7884	7882	61087	61074	61077
10765	8550	2177	63943	32394	32395
7378	7374	1985	58850	30641	30642
9941	8789	7103	64910	57705	57707
4647	2008	3723	30850	30848	43695
10493	1577	6543	27047	27044	55233
7953	2378	7904	34219	34216	61165
7747	2937	2279	39156	33304	33312
10800	7964	7963	61421	61417	61418
7757	2283	2282	33341	33336	33333
2490	8185	10846	35242	62331	35241
7837	5594	2324	51328	33706	33711
7733	2268	7730	33217	33216	60449
10662	2018	7279	30929	30932	58433
3102	3517	8716	40179	42585	40182
7023	1912	7022	29965	29970	57347
7023	7022	6916	57347	56871	56873
9053	9051	2792	65810	37899	37898
9043	2772	2790	37719	37718	37883
7210	7209	2008	58152	30840	30843
8007	2378	7954	34218	34220	61387
7285	1959	7284	30407	30408	58454
1934	1931	7106	30160	30155	30178
1878	1931	1934	29668	30160	29661
8395	8359	2490	63084	35243	35244
7964	2382	7963	34255	34254	61417
6859	1817	1818	29118	29125	29132
10705	7494	7541	59400	59399	59598
7722	7721	7611	60408	59913	59914
9134	4037	1955	45107	30372	30373
6422	1439	6421	25794	25793	54731
10262	5308	9842	50156	50159	68187
1581	1552	1624	26814	26815	27077
9070	3574	8734	42892	42891	64701
3865	2190	2136	32513	32018	32015
1881	3450	3248	29695	41068	29688
3108	2734	2733	37388	37381	37382
8550	7531	2177	59554	32388	32394
1755	3003	1753	28590	28578	28583
2243	2196	2244	32564	32565	32998
7466	2039	7463	31124	31121	59263
8789	2750	3070	37530	37531	40001
8853	2768	2708	37681	37156	37157
8910	4647	3723	47497	43695	43698
7566	7565	2191	59706	32518	32524
7721	2264	2265	33179	33174	33184
10705	2155	7491	32189	32181	59390
8290	2464	2463	35005	34994	34996
10389	6018	8781	53061	53062	64889
9761	9555	1979	67458	30586	30585
10698	7264	2039	58377	31123	31125
10889	2445	8268	34829	34833	62699
10262	7986	2392	61519	34351	34348
8036	2367	8035	34108	34113	61728
10775	7730	2268	60447	33216	33218
8303	2543	8264	35713	35719	62682
2376	3465	3235	34202	40989	34200
7149	1904	1979	29897	29901	30582
7149	3663	1931	43366	30152	30157
9761	7210	4647	58155	47501	47502
9010	2369	2297	34131	33469	33470
8482	3369	2010	41778	30860	30866
10800	2257	7964	33112	33111	61421
7471	3799	7323	44078	44074	58627
8335	2462	3605	34977	34982	43075
1755	1753	6755	28583	28581	28595
6758	1754	6759	28588	28587	56159
9801	7616	7672	59936	59938	60189
1574	6602	6762	27024	55479	27020
6602	1574	6538	27024	27019	55217
7464	2135	7463	32003	32011	59266
8742	8678	2665	64487	36791	36788
1910	1855	7021	29452	29456	29955
1855	3265	7021	29450	41155	29456
9115	2824	2805	38195	38012	38015
8526	5337	2544	50278	35729	35728
7965	2257	2283	33113	33105	33342
10662	7329	9772	58651	58649	68011
7694	2226	7637	32850	32849	60020
10774	7883	7785	61079	60666	60664
2752	3572	3683	37543	42881	37546
11030	9093	9096	65973	65972	65982
7334	3782	2075	43991	31449	31457
7112	1909	1908	29944	29936	29931
3085	3442	2665	40096	36792	36790
9736	6961	6867	57082	56667	56668
9803	7673	2219	60196	32778	32775
9761	7209	7210	58151	58152	58155
1931	1904	7149	29903	29897	30157
1904	1931	1819	29903	29142	29135
7635	7591	7634	59807	59805	60008
10978	2746	8777	37486	37487	64871
8304	8215	2504	62470	35369	35364
1882	1907	6967	29700	29930	29706
6759	6755	6862	56151	56152	56168
1766	1768	6869	28676	28690	28677
1768	1766	1691	28676	28029	28030
3658	3112	12843	40242	40241	43347
10816	2368	8039	34121	34120	61744
8051	2381	2382	34243	34247	34252
9835	7900	7901	61148	61147	61152
5447	3574	3194	42888	40752	40750
6548	1697	1554	28081	26827	26833
8777	2676	2734	36890	36889	37389
8472	5468	2582	50821	36047	36048
9826	2297	7787	33465	33471	60673
9803	7619	7673	59951	59950	60196
5697	3145	1793	40446	28916	28915
6424	1512	1440	26448	25807	25800
8115	3035	7112	39777	39773	57739
6427	1472	6426	26094	26088	54749
7263	7209	1978	58148	30579	30577
6188	6186	1403	53771	25490	25481
2659	2678	3101	36732	36903	36733
2012	1953	7215	30355	30356	30876
8808	2937	7747	39155	39156	60520
10663	7288	2054	58472	31264	31266
3881	3449	7197	42219	42216	44471
8270	2426	8185	34672	34667	62327
10981	8799	8875	64941	64938	65206
1823	6867	6961	29176	56667	29172
6867	1823	1761	29176	28641	28644
10888	2526	8394	35566	35565	63234
9103	9098	2833	65990	38270	38268
8781	6018	3768	53062	43920	43923
7791	2300	2304	33494	33500	33534
7229	7228	2018	58221	30931	30933
9842	5308	7930	50159	50153	61269
10834	8127	8249	62101	62103	62615
7015	1819	6863	29136	29143	56654
9043	2789	2772	37871	37721	37719
7210	2008	4647	30843	30850	47501
8782	2735	2746	37399	37400	37488
9051	2790	2792	37884	37878	37899
10758	2265	3117	33191	33190	40280
8096	2421	8095	34620	34621	61970
9761	4647	9555	47502	47498	67458
8086	2418	3412	34593	34588	42024
8777	2746	2735	37487	37400	37401
8359	8271	2490	62710	35245	35243
1495	1502	1432	26296	25742	25740
9798	2192	2138	32534	32032	32039
8688	3904	7986	44577	44578	61516
10849	8187	10847	62343	62342	70432
8221	2473	2527	35080	35082	35571
9671	6252	6253	54037	54036	54042
8270	2449	2426	34866	34670	34672
8355	8305	2543	62852	35720	35715
10860	2449	8270	34867	34866	62704
11264	8097	2449	61977	34864	34862
10550	9500	6770	67340	56210	56211
9872	3362	2487	41738	35220	35218
1904	1978	1979	29899	30580	29901
7338	7335	2075	58683	31458	31455
10705	7541	2157	59598	32202	32205
8520	2544	5337	35730	35729	50279
9755	7157	7158	57945	57943	57948
10435	6292	1468	54210	26058	26059
8305	8264	2543	62683	35719	35720
7591	7540	2156	59593	32197	32193
8291	2537	6945	35654	35662	57020
7752	7743	2203	60504	32623	32626
3157	1726	1695	28332	28066	28069
8395	3043	6148	39830	39827	53614
2473	3229	2527	35075	35573	35082
1953	2012	3796	30355	30880	30351
6255	1442	1472	25823	25824	26095
9471	2217	7725	32763	32765	60420
2753	2717	2772	37243	37242	37554
7165	7071	1987	57558	30656	30657
9053	2823	9051	38186	38177	65810
9053	8981	2823	65573	38185	38186
9051	9048	2790	65803	37881	37884
7758	2283	7757	33343	33341	60555
10981	8875	8807	65206	64962	64963
8560	2648	5910	36633	36628	52600
8382	8289	8341	62793	62792	63013
7338	7337	7335	58689	58680	58683
1959	1937	7284	30217	30215	30408
3035	1937	1959	30208	30217	30409
4426	3903	3888	44569	44504	44507
6864	6758	6863	56163	56161	56656
10775	7788	2267	60675	33208	33209
7721	2191	7611	32526	32519	59913
1625	1695	1733	27482	28059	27477
2094	2174	2119	31628	31851	31629
7679	2246	7678	33018	33015	60214
2043	2012	7426	30881	30879	31156
2115	2044	2040	31163	31131	31129
10493	6469	1577	54920	27043	27047
2196	2245	2244	32561	33003	32565
9098	2836	9096	38300	38301	65984
6186	6183	1398	53759	25436	25439
2046	3560	2093	31189	31616	31185
2093	2145	2148	31621	32090	31619
7935	4349	2300	46325	33501	33496
8184	2401	8180	34439	34430	62309
8602	8526	2647	63841	36625	36623
7901	7900	2154	61147	32170	32180
10705	7491	7494	59390	59391	59400
7998	2329	2328	33755	33751	33748
7637	2156	2155	32200	32191	32184
9167	2094	8712	31631	31630	64623
10946	8629	2697	64273	37060	37061
2395	3516	2440	34378	34784	34376
9423	2040	2044	31132	31131	31165
6862	1758	6759	28622	28613	56168
7479	7375	2093	58856	31614	31622
7263	1978	7208	30577	30578	58145
9423	3227	2040	40945	31133	31132
8143	8098	2473	61986	35083	35077
8352	2487	7195	35223	35224	58091
8008	2402	7903	34441	34446	61161
7494	7491	2075	59391	31459	31460
10435	6293	6292	54215	54207	54210
9826	9471	3117	67239	40282	40271
7492	2076	7338	31468	31461	58699
10699	7479	7478	59335	59333	59330
6300	6299	1472	54241	26096	26086
8597	2684	2643	36952	36587	36591
2564	2502	2607	35350	35351	35896
2136	2137	7463	32020	32028	32021
8215	7195	2487	58087	35224	35221
9239	2443	8090	34815	34813	61949
8247	2392	8077	34352	34350	61890
9836	2355	2331	34006	33772	33776
6427	6423	1441	54737	25817	25818
2148	2147	7478	32119	32110	32124
6427	6300	1472	54245	26086	26094
6255	1402	6188	25480	25477	53776
6870	1826	3277	29197	29195	41210
6515	3079	5318	40060	40061	50200
8904	7334	1988	58678	30670	30665
10811	2376	9380	34198	34201	66937
7905	2356	2382	34016	34018	34257
7263	7208	2007	58145	30833	30838
7279	1956	7278	30381	30378	58428
7730	7675	7733	60203	60204	60449
10763	7739	7794	60486	60487	60706
7016	1876	1820	29649	29152	29148
7463	2135	2136	32011	32006	32021
7622	2198	7674	32578	32576	59962
7622	2144	2198	32086	32085	32578
8850	2748	3583	37510	37507	42944
2249	7678	7680	33042	60215	33040
7679	7678	2249	60214	33042	33039
11265	7899	2331	61142	33780	33781
8481	2624	8477	36417	36412	63626
10890	8396	3196	63242	40761	40766
6860	6859	1818	56640	29132	29133
8038	2416	2413	34572	34545	34540
7577	2148	7576	32125	32123	59749
7722	2264	7721	33180	33179	60408
3512	3623	2417	42558	34587	34582
6764	1764	1726	28667	28324	28333
3876	3108	2733	40219	37382	37378
3900	3070	2750	40004	37531	37525
7723	2191	7725	32521	32525	60416
1624	1546	3157	26754	26750	27473
8629	2624	2684	36418	36415	36954
2245	7675	7730	33012	60203	33013
7675	2245	7674	33012	33009	60200
7675	2246	7733	33022	33020	60204
7675	7674	2246	60200	33017	33022
1624	1695	1625	27474	27482	27468
8603	2649	8562	36646	36647	63986
7743	2277	10764	33294	33295	60503
2277	7744	10764	33291	60508	33295
10698	7466	7465	59280	59274	59277
7159	7158	1909	57949	29943	29946
7104	1876	1905	29644	29650	29913
10897	8428	2603	63393	36232	36233
9123	7937	2445	61302	34834	34832
8996	2044	2045	31166	31160	31178
1796	3277	1825	28941	29187	28939
7722	2323	2264	33698	33181	33180
10980	2216	3865	32753	32747	44398
9881	8264	8305	62684	62683	62851
10681	4288	2010	46094	30867	30868
8293	8251	2465	62628	35013	35015
3783	3881	2571	43994	35946	35947
10672	7207	1977	58141	30568	30563
3267	2271	2301	33245	33246	33508
8978	2819	2805	38144	38014	38018
10819	8043	7949	61757	61360	61361
7901	7849	2332	60928	33792	33789
7520	7471	2069	59297	31394	31399
10631	7109	1907	57728	29922	29926
6299	6255	1472	54047	26095	26096
8678	2648	8560	36632	36633	63978
10798	9833	7929	68164	61264	61260
3108	3876	3873	40219	44435	40220
3334	2784	2818	37827	37826	38137
8047	8043	2355	61759	34007	34011
7482	7329	2049	58653	31208	31212
8294	2520	8251	35512	35506	62629
5468	2638	2582	36536	36041	36047
7020	1908	1909	29937	29936	29947
9039	2818	2784	38138	37826	37828
8804	8633	2650	64285	36652	36653
10705	2157	2155	32205	32188	32189
7275	2046	2048	31184	31180	31200
9846	2298	2327	33482	33481	33734
10703	9786	2054	68040	31267	31268
7223	1959	3013	30405	30406	39643
7229	7168	1911	57984	29956	29961
8981	2792	2755	37897	37571	37574
1439	1404	1441	25495	25500	25795
7729	2267	7728	33210	33205	60440
7020	1825	1908	29184	29191	29937
10703	7490	7489	59381	59374	59378
8376	2518	2517	35494	35487	35480
9912	2519	8427	35504	35496	63389
11094	9511	3516	67365	42580	42583
9114	3420	8718	42065	42063	64645
7808	2283	7758	33344	33343	60556
8336	3185	2559	40698	35847	35856
2402	2355	7903	34012	34002	34446
10660	1956	7275	30379	30384	58417
7620	2193	7619	32538	32539	59952
2992	1909	1881	29948	29692	29689
2708	2663	2711	36764	36768	37153
3840	2708	3159	37151	37155	40535
7950	5410	2305	50565	33541	33544
8781	3768	2559	43923	35858	35848
6422	6417	1439	54718	25796	25794
10426	6189	1395	53782	25415	25414
5970	3545	3630	42737	42738	43214
2145	2093	7372	31621	31623	32098
9606	5308	9283	50154	50160	66623
5694	4648	1733	47503	28402	28396
1931	3130	1954	30153	30360	30161
9755	1984	7157	30632	30633	57945
2543	2542	2978	35707	35703	35718
8387	8386	2582	63207	36049	36046
2404	2402	3470	34443	34440	34458
8352	7195	2977	58091	39408	39409
8967	8793	2750	64923	37526	37523
10868	8254	8259	62640	62639	62657
6819	3384	5694	41870	41868	51727
2663	3684	3630	36769	43213	36770
2174	9167	9287	32364	66233	32362
7328	2142	2115	32068	31806	31817
7836	3117	2265	40283	33190	33188
1908	1825	1826	29191	29188	29198
10702	7489	7485	59380	59360	59359
8985	2754	2824	37556	37560	38191
6970	1828	1772	29211	28728	28721
7798	2277	2305	33292	33286	33545
7730	7729	2245	60442	33010	33013
2490	2527	3043	35238	35575	35246
8293	2465	2440	35015	34787	34781
7159	1985	1984	30639	30629	30631
11028	9093	2819	65969	38143	38149
6759	1758	6758	28613	28616	56159
1551	1554	1734	26802	26828	26805
6422	6421	1550	54731	26790	26785
10980	10747	7672	70229	60190	60187
10778	7794	7798	60705	60702	60717
9352	7272	1954	58406	30361	30359
8712	7378	7432	58865	58866	59124
7999	7998	2398	61570	34405	34407
10868	2418	8254	34596	34591	62640
2536	2501	8289	35342	35335	35649
2501	2536	3104	35342	35648	35334
6760	1659	1759	27762	27761	28624
8742	2665	3455	36788	36794	42249
9356	8252	2501	62630	35339	35343
7635	7634	2226	60008	32843	32851
2526	2570	5244	35560	35940	35567
7275	1956	1955	30384	30374	30367
8271	2507	8270	35392	35393	62707
8482	2010	4288	30866	30867	46096
6548	6426	6430	54748	54746	54763
2577	2559	3517	35853	35859	36003
6188	1402	6183	25477	25470	53760
8515	2955	5970	39265	39264	52856
3469	1468	1546	26051	26056	26757
7220	1881	7157	29697	29694	57946
9123	3465	3546	42301	42302	42742
7106	1931	1954	30155	30161	30365
8482	3312	3369	41429	41433	41778
4288	2069	3593	31401	31400	43001
7014	6861	1818	56650	29126	29129
10847	8186	8102	62337	61998	61999
7208	1977	7207	30567	30568	58138
1798	1764	1827	28664	28659	28955
8846	8782	2746	64890	37488	37490
8096	8095	2446	61970	34843	34842
10829	8050	2402	61787	34447	34445
3215	3044	2739	39836	37431	37429
8726	2708	3863	37149	37158	44388
8086	3412	2369	42024	34132	34130
3215	3455	2642	40878	36582	36578
8185	2426	8102	34667	34665	61997
10702	9786	7489	68042	59377	59380
10733	10730	7619	70187	59947	59949
3207	3796	2043	40830	31154	31149
1930	3369	3312	30150	41433	30140
9423	3208	3227	40836	40832	40945
10924	8531	9388	63854	63856	66965
1884	1773	1855	28736	28730	29457
7733	2271	2268	33244	33219	33217
10542	7640	3248	60031	41070	41069
2642	8519	8558	36573	63813	36583
7614	7328	2971	58646	39371	39372
10798	9843	2322	68188	33690	33691
10765	9201	7748	66353	60522	60526
7071	7023	7070	57353	57351	57555
7231	7165	1987	57978	30657	30658
7640	7020	2992	57339	39500	39501
9833	7670	7884	60178	60177	61091
2438	2501	2517	34770	35337	34768
9510	3099	8633	40171	40170	64288
10452	6362	1512	54488	26451	26457
10426	1395	6293	25414	25410	54211
3512	2417	2418	34582	34578	34595
7231	1912	7165	29969	29962	57978
8008	2332	3470	33795	33794	42330
6705	1726	3157	28327	28332	40518
8008	7903	2332	61161	33790	33795
10981	2721	8748	37275	37274	64756
2607	2502	2583	35351	35347	36055
9134	7272	3514	58405	42573	42569
7935	2219	7934	32783	32786	61289
7935	7934	2369	61289	34127	34128
3455	2665	2642	36794	36581	36582
10799	7939	7940	61313	61315	61322
1551	1734	3132	26805	28409	26796
2642	2665	2976	36581	36795	36575
3442	2976	2665	39404	36795	36792
8662	3348	2664	41649	36773	36778
7061	1818	1876	29130	29134	29648
8606	3903	4426	44570	44569	46625
8850	3583	2750	42944	37522	37529
8750	8677	2715	64482	37211	37213
2751	8791	12843	37537	64917	37539
7273	1955	4037	30375	30372	45105
3302	3610	2502	41367	35346	35349
11260	10799	7940	70328	61322	61319
6241	1493	1430	26280	25728	25723
7104	1905	1953	29913	29914	30357
11260	2371	10799	34155	34151	70328
2577	3102	3200	36004	40181	36008
2627	2629	2644	36445	36459	36439
7996	2372	2397	34161	34159	34396
9180	2300	4349	33499	33501	46323
7673	7619	2217	59950	32759	32756
9898	8336	2559	62989	35856	35855
8976	2603	8428	36229	36232	63394
8396	2570	8359	35945	35944	63085
8392	8304	8391	62848	62847	63223
10870	2446	8303	34845	34844	62844
6705	1577	1726	27045	27048	28327
8558	2664	2642	36779	36577	36583
9352	3227	7272	40948	40943	58406
9202	3401	3200	41960	40785	40788
8467	2577	3200	36007	36008	40786
8355	7191	2568	58078	35926	35927
2688	2689	3258	36995	37001	36990
8671	2738	2714	37424	37207	37200
10798	2322	2216	33691	32748	32744
8294	8293	2538	62809	35668	35671
3560	2045	7372	31179	31171	42822
7493	7492	2156	59394	32201	32196
7564	3819	2136	44174	32019	32017
10758	3117	7725	40280	40281	60422
10248	8394	2526	63236	35565	35568
2404	3470	2381	34458	34240	34248
10435	6295	9671	54222	54221	67737
3207	3369	1930	40831	30150	30149
2138	2115	2114	31809	31804	31798
6967	1907	1829	29930	29216	29217
1697	3133	3094	28084	40143	28086
1938	1884	1911	29721	29724	29959
7565	2137	7563	32023	32031	59699
3470	2332	2381	33794	33791	34240
9798	7566	7612	59709	59708	59917
8143	2356	8098	34024	34014	61986
9115	9106	2824	66016	38194	38195
6970	1772	1884	28721	28729	29718
7468	3799	2135	44080	32012	32010
8875	2755	8807	37572	37576	64962
7106	1954	1955	30365	30366	30370
7520	7423	2170	59081	32329	32325
9798	7612	7723	59917	59915	60413
8466	2602	8427	36224	36223	63390
6867	1761	1759	28644	28629	28630
11129	2347	10790	33935	33934	70304
6819	1733	6818	28400	28391	56441
7223	7159	7163	57950	57953	57969
10775	2268	7788	33218	33214	60675
7272	3208	3514	40833	40838	42573
8376	8375	2518	63160	35490	35494
8039	2416	8038	34573	34572	61742
8098	2450	2473	34869	34875	35083
1828	1732	1772	28384	28387	28728
9458	3241	3194	41026	40744	40746
8039	2415	2416	34565	34562	34573
6864	6863	1819	56656	29143	29139
2445	5318	9123	34835	50199	34832
6515	5318	2445	50200	34835	34831
7016	3450	1905	42222	29911	29907
3382	2114	2115	31805	31804	31815
10981	8807	2721	64963	37277	37275
2376	3546	3465	34199	42302	34202
9785	7485	7489	59358	59360	59379
8667	2416	2465	34570	34569	35009
8305	7197	2489	58099	35231	35233
7275	7273	2046	58409	31188	31184
2325	2394	2368	33713	34118	33721
8520	2629	2544	36460	35727	35730
2689	3760	3278	36999	41217	37003
8867	2753	2772	37551	37554	37717
8515	2625	2955	36424	36422	39265
7586	7381	2072	58881	31426	31428
7483	2072	7329	31423	31427	58654
8961	3040	2785	39809	37837	37839
8467	2602	8466	36222	36224	63574
11200	3104	2536	40191	35648	35652
11260	2397	2371	34397	34152	34155
6292	1502	1468	26368	26055	26058
7107	1955	1956	30371	30374	30383
8395	2490	3043	35244	35246	39830
7466	2137	7465	32029	32030	59274
8904	8796	3782	64932	43988	43993
10717	2135	3799	32009	32012	44079
7637	2226	7634	32849	32843	60009
10835	8127	10262	62099	62096	69146
10758	7724	2265	60417	33185	33191
7483	7329	7482	58654	58653	59343
2708	3880	3863	37152	44384	37158
9009	3274	5468	41199	41200	50820
7020	1909	2992	29947	29948	39500
6424	1552	1512	26807	26454	26448
9826	7787	7786	60673	60670	60668
9471	7786	2217	60667	32757	32763
5995	3768	2636	43924	36515	36521
8716	3642	2659	43280	36730	36734
9081	3642	3517	43278	42587	42588
11094	11310	3294	70978	41311	41308
3112	3658	2804	40242	38008	38006
7494	2075	2097	31460	31452	31657
10888	8393	2526	63230	35569	35566
9842	9841	2347	68184	33932	33933
1793	1822	1820	28918	29153	28911
10640	7148	1903	57908	29894	29887
10436	9671	6295	67739	54221	54223
8606	3467	3903	42315	42320	44570
8095	2398	8090	34406	34408	61950
10698	7465	2114	59277	31799	31802
10890	2570	8396	35941	35945	63242
2438	8170	3638	34769	43259	34771
3256	2438	3638	34763	34771	41111
10790	9832	7882	68163	61077	61075
7895	3166	2352	40576	33983	33980
2567	2629	2583	35920	36054	35916
9423	2044	5296	31165	31167	50097
7232	7231	1987	58235	30658	30659
10850	8144	2473	62167	35078	35081
5995	2559	3768	35850	35858	43924
2008	2114	3382	30849	31805	30845
10542	1820	1822	29151	29153	29168
7023	6916	1828	56873	29209	29212
10710	7521	9801	59518	59517	68083
1432	3452	1430	25737	25727	25726
7950	2305	7949	33544	33540	61362
9746	7071	7165	57556	57558	57976
2010	3369	3207	30860	40831	30863
7573	2170	7572	32327	32323	59732
9881	2489	8184	35235	35237	62324
10471	6427	6426	54753	54749	54751
7836	2324	5594	33707	33706	51331
2298	2268	2271	33213	33219	33238
8184	8140	2401	62149	34437	34439
5686	5034	3362	49049	41737	41739
3267	2327	2298	33742	33481	33480
7965	2283	7905	33342	33345	61170
9606	3901	3688	44561	43503	43500
1764	1760	1761	28634	28633	28639
10702	2122	5583	31876	31880	51279
10701	7484	7485	59352	59353	59355
1773	3133	3129	28738	40358	28733
8478	8477	2625	63625	36426	36423
8910	3723	3227	43698	40949	40950
9114	8626	3420	64262	42066	42065
9784	7479	8731	59337	59334	64694
10435	1468	6295	26059	26053	54222
8738	8672	2714	64464	37201	37208
7848	7635	2226	60012	32851	32848
8685	2717	2688	37240	36993	36998
10733	7568	2142	59719	32066	32070
2689	2685	2644	36963	36594	36598
10995	8908	2771	65328	37713	37712
9800	7672	7616	60191	59938	59934
7752	2203	2153	32626	32169	32168
2282	2283	2257	33336	33105	33114
7965	7964	2257	61419	33111	33113
7168	1988	7166	30660	30668	57981
6041	3241	2984	41030	39445	39447
8976	8428	2936	63394	39147	39149
2137	2136	7563	32020	32022	32031
9881	8184	8264	62324	62322	62684
8355	2568	2586	35927	35925	36075
9784	8731	2049	64694	31213	31214
9912	8292	2519	62804	35499	35504
9201	2177	7842	32392	32385	60902
6469	1495	1574	26299	26294	27023
10775	2267	7729	33209	33210	60443
9103	2823	9098	38180	38184	65990
7614	2142	7328	32071	32068	58646
10710	2140	7471	32052	32054	59301
10818	8043	8047	61760	61759	61776
8177	3818	2371	44173	34144	34153
6475	6417	6422	54720	54718	54734
8976	2936	2984	39149	39142	39449
7569	2045	2142	31175	31177	32067
10703	2054	7540	31268	31262	59592
7014	1903	7013	29892	29889	57314
10436	1440	9671	25801	25810	67739
6424	6295	1552	54224	26812	26807
8248	2517	2518	35488	35487	35495
6714	3132	1734	40375	28409	28407
10730	2971	2217	39373	32754	32760
9555	3663	1979	43369	30581	30586
3410	3330	9180	41538	41540	42009
9555	8910	3663	65336	43368	43369
7209	1979	1978	30584	30580	30579
2216	3892	3889	32749	44509	32746
10640	9369	8972	66892	65542	65541
8978	2805	8977	38018	38009	65558
7748	3403	2279	41969	33311	33305
2404	2427	10849	34466	34678	34465
10704	2076	7493	31467	31469	59397
7059	1904	7015	29900	29895	57324
8259	2521	2523	35519	35523	35541
7567	2971	7328	39370	39371	58647
10918	8510	8509	63784	63781	63779
2772	2717	2790	37242	37232	37718
9843	7930	9606	61270	61265	67579
8134	3297	2418	41335	34597	34598
2045	3560	8996	31179	42819	31178
7725	2217	7723	32765	32762	60416
9239	3297	8134	41334	41335	62125
11310	3610	3302	43101	41367	41369
8171	2417	8082	34580	34584	61908
3157	1695	1624	28069	27474	27473
9411	2585	3177	36071	36073	40642
10663	7287	7288	58469	58468	58472
9847	7950	7949	61364	61362	61358
3091	3294	2564	40122	35898	35893
10868	8134	2418	62123	34598	34596
8090	2398	3330	34408	34399	41541
7988	2393	7987	34355	34358	61526
10980	8801	2216	64944	32751	32753
10794	7752	7847	60537	60535	60921
9511	11094	3091	67365	40121	40119
9048	2823	2821	38187	38160	38166
8592	3863	2661	44389	36749	36750
6241	3676	5295	43437	43440	50093
7334	2020	1988	30946	30667	30670
3420	3840	2733	42067	37379	37375
8981	2755	2806	37574	37577	38026
8837	3036	4798	39785	39783	48098
10800	7963	7962	61418	61414	61415
7232	1987	2020	30659	30654	30948
8342	8294	2538	62812	35671	35672
11242	10661	7228	70038	58225	58222
7275	1955	7273	30367	30375	58409
7616	7521	2170	59516	32326	32328
8602	3351	8526	41672	41673	63841
10990	8985	8875	65586	65202	65204
7103	3070	3044	40000	39837	39838
7103	3348	2709	41651	37162	37163
7940	7939	2327	61315	33733	33738
9134	1955	1954	30373	30366	30362
10730	7614	2971	59923	39372	39373
1876	1818	1817	29134	29125	29120
8007	2421	2401	34623	34433	34434
9388	3188	3196	40719	40718	40767
10873	8250	2519	62625	35503	35500
8184	2450	8140	34879	34874	62149
7637	7634	2156	60009	32194	32200
3215	3348	3044	40880	39839	39836
3278	2753	2685	37555	36968	36964
3798	3467	3873	42319	42321	44070
8086	3512	2418	42562	34595	34593
6769	2463	2464	34991	34994	35000
9180	4936	2304	48663	33525	33536
7841	2304	2328	33531	33528	33743
8220	2422	2449	34631	34632	34868
6967	1829	1827	29217	29205	29206
8739	8671	2684	64455	36955	36953
10860	8220	2449	62493	34868	34867
10436	6295	6424	54223	54224	54738
2637	2678	2659	36527	36732	36528
9081	3517	2559	42588	35859	35851
10622	7023	1828	57352	29212	29213
6299	1402	6255	25473	25480	54047
10471	6423	6427	54735	54737	54753
7796	7795	2304	60710	33537	33530
3873	3168	3798	40586	40582	44070
7071	7070	1938	57555	30225	30226
9898	8375	8376	63161	63160	63163
7591	2154	7490	32173	32179	59386
2643	2624	2627	36414	36416	36442
3782	3838	2097	43987	31649	31654
9841	7930	7929	61271	61261	61262
10702	5583	2053	51279	31250	31255
9784	2049	2048	31214	31202	31205
8688	8036	3904	61735	44576	44577
7787	2297	2369	33471	33469	34126
7988	7987	2264	61526	33177	33183
7215	1953	1905	30356	29914	29908
7191	5729	2628	51876	36456	36454
8355	2978	7191	39415	39412	58078
2754	3813	2805	37565	38016	37559
8726	3863	8592	44388	44389	64119
8080	7993	2440	61550	34789	34790
7837	3623	2297	43175	33473	33472
10262	9842	7986	68187	61520	61519
7752	2277	7743	33290	33294	60504
10978	8777	2734	64871	37389	37385
10471	1554	1551	26834	26802	26800
8469	8292	8426	62803	62805	63385
2804	2768	2751	37675	37538	37533
6470	1500	6416	26340	26346	54716
2607	2623	2581	36263	36039	36040
10710	7471	7521	59301	59298	59518
8127	3186	5308	40706	40702	50157
8781	3649	3104	43310	40192	40193
8252	3256	2520	41104	35505	35508
8904	1988	2018	30665	30663	30927
9504	9202	2660	66357	36738	36742
1907	3265	1829	29927	29214	29216
10698	2039	7466	31125	31124	59280
2355	2402	8050	34012	34447	34009
7479	2093	7478	31622	31620	59333
10763	7794	2301	60706	33509	33505
7631	2097	7586	31659	31658	59783
6423	1551	1550	26799	26788	26791
7841	2200	7796	32594	32604	60713
9010	2297	3623	33470	33473	43173
8248	2392	8247	34345	34352	62612
3294	3302	2564	41307	35894	35898
9170	3799	7468	44075	44080	59286
10640	1977	7148	30565	30569	57908
8393	8268	2526	62698	35564	35569
7167	1987	7166	30655	30652	57980
8867	2772	2789	37717	37721	37868
5296	3523	3514	42622	42571	42574
9510	2647	3099	36621	36627	40171
8082	2417	3623	34584	34587	43177
6427	1441	6300	25818	25816	54245
8799	2715	2754	37219	37220	37567
2581	2564	2607	35891	35896	36040
8750	2715	8748	37213	37218	64753
6817	6814	1798	56432	28958	28956
10248	2526	5244	35568	35567	49890
10622	1828	6970	29213	29211	57112
10849	2427	8187	34678	34679	62343
8099	2378	2401	34214	34217	34436
9837	7905	7904	61168	61167	61163
9837	7955	2356	61391	34013	34017
10860	2507	8220	35394	35395	62493
4936	9180	3330	48663	41540	41539
8082	3623	7837	43177	43175	60875
7021	1907	1910	29928	29929	29955
6859	3003	5697	39572	39569	51739
6859	1753	3003	28573	28578	39572
9941	8735	8789	64708	64706	64910
7229	2018	1988	30933	30663	30661
7220	7157	1984	57946	30633	30626
3523	3560	2046	42617	31189	31187
10850	8221	8186	62497	62335	62338
9898	2577	8375	36005	36009	63161
8425	8375	2577	63159	36009	36006
10763	2301	2271	33505	33246	33242
2708	2768	3159	37156	37683	37155
8853	2708	2711	37157	37153	37185
7112	3035	1959	39773	30409	30404
3420	3880	3840	42064	44280	42067
2768	3168	3159	37678	40529	37683
3070	3900	3683	40004	43472	40005
2636	2678	2637	36523	36527	36520
2637	2659	3552	36528	36731	36529
9937	2648	2716	36634	36631	37228
9010	3512	8086	42559	42562	61930
3683	3044	3070	39832	39837	40005
11264	2422	10818	34633	34630	70365
6958	1757	6864	28607	28611	56657
10795	2309	7953	33575	33578	61383
7373	2094	2119	31624	31629	31853
8629	2684	2697	36954	36957	37060
10850	8186	8187	62338	62339	62340
8335	3186	8127	40699	40706	62100
9283	5308	3186	50160	40702	40705
10765	2177	9201	32395	32392	66353
10662	7278	2049	58429	31206	31209
7432	7378	1985	58866	30642	30637
6864	1757	6758	28611	28612	56163
8804	2650	2721	36653	36654	37278
1404	3562	1402	25492	25469	25479
7937	2422	2445	34634	34628	34834
9784	7375	7479	58855	58856	59337
3889	3892	2190	44509	32512	32514
10550	6770	6714	56211	55956	55958
6862	6861	1758	56647	28618	28622
1820	1876	1817	29152	29120	29124
10747	3819	2140	44178	32056	32050
7986	9842	2367	61520	34111	34114
8306	2507	2570	35388	35391	35943
6423	6421	1441	54730	25813	25817
7986	3904	2392	44578	34349	34351
8248	2518	8127	35495	35492	62098
1493	1495	1430	26278	25725	25728
7722	7611	2190	59914	32505	32507
8520	2644	2629	36601	36459	36460
7492	2155	2156	32182	32191	32201
8336	2517	3185	35479	35482	40698
9755	7158	7159	57948	57949	57952
2324	2393	3095	33712	34361	33703
7484	2153	2203	32165	32169	32627
2738	2789	2714	37417	37203	37207
8867	2738	2753	37418	37425	37551
2418	3297	3412	34597	41331	34588
2145	7372	10711	32098	58840	32094
2140	7564	10717	32057	59700	32055
7564	2140	3819	32057	32056	44174
7578	2147	7577	32116	32120	59751
6470	1548	1543	26772	26724	26727
8303	2446	2542	34844	34836	35708
9667	1403	6186	25491	25490	53770
10816	8039	8038	61744	61742	61741
7492	7338	7491	58699	58698	59388
8592	8554	2662	63960	36759	36756
7323	2007	7207	30835	30832	58140
8686	2721	8531	37281	37280	63853
4648	1697	1668	28085	27841	27845
8259	8258	2443	62656	34809	34816
9239	8134	2443	62125	34817	34815
8215	3362	2504	41735	35368	35369
10702	2053	9786	31255	31258	68042
4648	1668	1733	27845	27840	28402
7794	7739	2249	60487	33043	33038
10847	8187	8186	62342	62339	62337
9786	2053	2054	31258	31246	31267
7905	2283	7808	33345	33344	60760
7372	2093	3560	31623	31616	42822
8592	2661	8554	36750	36745	63960
2426	8050	10829	34673	61787	34666
8097	8050	2426	61785	34673	34671
10542	1822	7640	29168	29167	60031
9239	8090	3330	61949	41541	41534
10806	8035	2347	61733	33929	33936
8185	2490	8271	35242	35245	62328
2427	2404	8051	34466	34464	34675
3278	3760	2717	41217	37241	37244
8259	2443	8134	34816	34817	62122
4288	3593	8482	43001	42996	46096
7371	2069	4288	31397	31401	46093
8180	2446	10870	34841	34845	62306
1908	1826	1854	29198	29201	29446
8187	2427	8144	34679	34677	62166
1884	1855	1911	29457	29454	29724
8341	2520	8294	35511	35512	62811
11129	7882	7883	61076	61073	61082
10794	2331	7899	33779	33780	61143
7849	7635	7848	60011	60012	60926
7640	2992	3248	39501	39498	41070
9052	2803	8967	37998	37996	65526
10971	10699	2147	70112	32111	32118
10811	2372	3166	34157	34164	40574
4349	2369	3412	34133	34132	42026
10806	7883	7990	61081	61083	61535
3903	3467	3798	42320	42319	44073
6762	1577	1574	27040	27022	27020
8972	3312	3593	41431	41430	43000
7933	2296	2325	33461	33455	33722
10733	2142	7614	32070	32071	59920
8130	3095	2393	40147	34361	34356
7988	2264	2323	33183	33181	33700
8801	2243	7670	32999	32992	60176
9912	8426	8292	63384	62805	62804
3267	2301	2327	33508	33502	33742
2733	2734	3101	37381	37390	37380
8791	8738	2714	64715	37208	37209
3410	3412	3297	42011	41331	41332
2663	3630	3545	36770	42738	36762
8080	2394	7993	34368	34366	61550
6762	6760	1760	56172	28631	28635
8731	7482	2049	59345	31212	31213
9842	7930	9841	61269	61271	68184
5244	3196	3188	40768	40718	40714
2501	3185	2517	35341	35482	35337
6861	6860	1818	56644	29133	29126
3101	2734	2659	37390	36724	36733
8268	2445	8267	34833	34825	62696
8042	2421	8007	34622	34623	61608
8742	3455	2739	42249	37428	37426
11242	7229	1911	58227	29961	29960
10681	2010	7423	30868	30865	59080
7423	2043	2170	31153	31152	32329
11129	10806	2347	70343	33936	33935
9167	2174	2094	32364	31628	31631
6764	1726	6763	28333	28334	56184
10800	2226	2257	32847	32845	33112
6915	1854	1826	29442	29201	29193
7541	7494	2097	59399	31657	31655
9835	7847	7900	60920	60918	61148
7935	2369	4349	34128	34133	46325
3642	8716	3517	43280	42585	42587
8716	2659	2676	36734	36728	36887
9081	2637	3552	36525	36529	42782
9500	1772	6770	28725	28727	56210
11299	8908	10995	65325	65328	70785
9667	6185	6189	53763	53766	53784
6916	6915	1828	56865	29208	29209
7468	7464	2039	59271	31122	31119
8427	2519	2462	35496	34978	34986
10971	7482	8731	59341	59345	64693
10661	7279	7228	58430	58224	58225
10607	1758	7013	28621	28619	57315
7796	2199	7795	32590	32589	60710
7103	3044	3348	39838	39839	41651
8739	8597	2685	64143	36969	36961
8396	8395	2587	63239	36084	36082
7223	3013	1985	39643	30636	30640
7837	2297	3117	33472	33464	40274
10471	6426	1554	54751	26832	26834
7934	2219	7787	32786	32785	60672
7016	1905	1876	29907	29650	29649
2536	10918	11200	35653	70610	35652
10918	2536	8382	35653	35651	63191
9937	8677	8603	64485	64172	64175
7563	2136	2190	32022	32018	32504
7071	1938	1987	30226	30219	30656
8520	5337	2644	50279	36600	36601
10790	2347	9832	33934	33931	68163
8472	2582	8386	36048	36049	63209
8718	3101	2678	40177	36903	36907
6819	6818	1798	56441	28957	28959
9299	3276	8250	41209	41207	62622
8850	8785	2748	64897	37509	37510
7591	7490	7540	59386	59387	59593
11264	8047	8097	61775	61772	61977
6862	1753	6860	28579	28574	56642
8248	8247	2517	62612	35486	35488
6819	1799	3384	28964	28963	41870
6189	6185	1395	53766	25412	25415
9872	5686	3362	51695	41739	41738
7796	2200	2199	32604	32580	32590
10847	8102	2404	61999	34463	34461
6658	1555	1668	26843	26839	27842
2663	3274	3684	36760	41198	36769
7836	5594	3117	51331	40273	40283
7191	2628	2568	36454	35928	35926
8387	8342	2538	63021	35672	35663
2628	2976	2568	36452	35921	35928
9667	6189	1403	53784	25489	25491
8342	2562	8341	35880	35875	63016
1395	1367	3138	25171	25164	25405
2371	2963	2395	34147	34380	34150
7148	1978	7059	30570	30575	57506
7104	1953	1930	30357	30148	30138
8777	2735	2676	37401	36891	36890
2660	2676	2735	36741	36891	36735
1760	1759	1761	28623	28629	28633
9736	6867	1759	56668	28630	28626
6764	1760	1764	28636	28634	28667
6764	6763	1760	56184	28637	28636
6763	6762	1760	56180	28635	28637
6762	6602	6760	55479	55483	56172
7107	1934	7106	30184	30178	57714
7694	2257	2226	33115	32845	32850
9043	2821	3658	38165	38163	43343
7567	7328	2115	58647	31817	31810
8099	2450	8098	34873	34869	61980
2450	2489	3056	34878	35230	34872
1931	1878	1819	29668	29144	29142
6958	1819	1878	29140	29144	29666
3133	1773	9500	28738	28735	40380
1773	1884	1772	28736	28729	28724
9500	3094	3133	40140	40143	40380
9476	8791	2714	64916	37209	37204
2012	2043	3796	30881	31154	30880
2542	3511	3311	35712	41425	35702
10672	7322	7323	58622	58620	58625
9937	8603	2648	64175	36636	36634
8676	8677	9937	64476	64485	64480
8603	8561	2648	63983	36637	36636
8908	8676	2716	64478	37231	37224
8676	9937	2716	64480	37228	37231
8561	8527	2648	63843	36629	36637
2659	2734	2676	36724	36889	36728
9388	8531	3188	63856	40720	40719
6763	1726	1577	28334	27048	27041
10607	7013	7015	57315	57313	57325
8007	7954	2329	61387	33759	33760
8042	8007	2329	61608	33760	33752
7954	7844	2329	60909	33761	33759
7844	2279	2329	33314	33310	33761
3043	3783	2571	39831	35947	35949
7680	2198	2174	32577	32360	32361
7739	7737	2246	60479	33021	33019
8712	2094	7378	31630	31627	58865
10805	2393	2324	34359	33712	33708
10805	7836	7989	60870	60872	61531
10774	7784	2296	60660	33462	33460
10774	7785	7784	60664	60659	60660
7990	7883	2296	61083	33459	33463
7784	2267	2296	33212	33203	33462
7990	2296	7933	33463	33461	61284
7784	7728	2267	60437	33205	33212
10807	7990	7933	61536	61284	61280
8170	2413	2416	34546	34545	34571
10816	10807	2368	70346	34122	34121
10807	8038	7990	61740	61537	61536
8038	8035	7990	61726	61538	61537
10807	7933	2368	61280	34119	34122
10806	7990	8035	61535	61538	61733
8466	8427	2462	63390	34986	34983
8170	2438	8076	34769	34772	61885
8170	8076	2413	61885	34547	34546
8076	3904	2413	44579	34548	34547
8170	2416	3638	34571	34574	43259
4379	3256	3638	41108	41111	43261
8036	2413	3904	34542	34548	44576
10824	3904	8076	44575	44579	61887
10824	8076	2438	61887	34772	34767
8667	3638	2416	43262	34574	34570
8667	4379	3638	46451	43261	43262
9356	2501	2438	35343	34770	34764
7695	2157	2282	32207	32206	33337
7695	2282	2257	33337	33114	33116
7695	2257	7694	33116	33115	60278
7633	2282	2157	33338	32206	32208
7695	7694	2157	60278	32209	32207
7757	2282	7633	33333	33338	60001
7633	2157	7541	32208	32202	59599
7694	2155	2157	32192	32188	32209
7694	7637	2155	60020	32184	32192
9239	3330	3297	41534	41333	41334
3353	3381	2122	41677	31881	31882
8712	3884	3381	44482	41855	41856
9167	8712	3381	64623	41856	41857
2203	3353	2122	32628	31882	31883
3381	3884	2122	41855	31884	31881
9167	3381	3353	41857	41677	41679
8712	7432	3884	59124	44484	44482
7744	2249	3126	33035	33044	40333
7680	3126	2249	40335	33044	33040
10764	3126	3353	40337	40336	41680
7743	3353	2203	41681	32628	32623
7484	2203	2122	32627	31883	31878
7432	2122	3884	31885	31884	44484
9287	9167	3353	66233	41679	41682
10764	7744	3126	60508	40333	40337
9287	3353	3126	41682	40336	40338
10764	3353	7743	41680	41681	60503
7432	5583	2122	51275	31880	31885
9463	9287	3126	66633	40338	40339
9463	3126	7680	40339	40335	60224
1796	3252	1766	28942	28679	28680
1793	3252	1796	28920	28942	28919
6869	1796	1766	28943	28680	28677
6869	3277	1796	41215	28941	28943
6470	1543	1500	26727	26348	26340
6412	1500	1543	26344	26348	26729
6412	1543	1618	26729	26730	27425
8211	3277	6869	41211	41215	56675
6652	1691	1543	28033	26731	26725
1766	1689	1691	28023	28022	28029
1689	1543	1691	26732	26731	28022
1618	1543	1689	26730	26732	27424
1766	3252	1763	28679	28657	28658
1766	1763	1689	28658	28020	28023
6534	6412	1618	54706	27425	27426
1793	3418	3252	28921	41086	28920
3252	3418	1763	41086	28654	28657
3418	1793	3145	28921	28916	40448
6534	1618	1536	27426	26665	26663
8908	2716	2771	37224	37229	37713
8748	2721	8686	37274	37281	64519
7834	3892	7833	44520	44522	60862
3865	3889	2190	44394	32514	32513
8996	5296	2044	50099	31167	31166
10749	2300	7676	33497	33493	60208
5296	3514	3208	42574	40838	40835
8837	4798	2537	48098	35658	35661
8043	3546	7949	42745	42744	61360
11265	10819	7949	70369	61361	61355
11265	2331	10819	33781	33782	70369
10819	2331	2355	33782	33772	34008
10818	7937	8043	61304	61303	61760
11264	10818	8047	70365	61776	61775
8097	8047	2355	61772	34011	34010
9847	7949	3546	61358	42744	42740
8043	7937	3546	61303	42746	42745
9123	3546	7937	42742	42746	61302
10818	2422	7937	34630	34634	61304
7148	1977	1978	30569	30566	30570
9369	1930	3312	30151	30140	41432
9369	1903	7014	29886	29892	57321
9369	7014	1930	57321	30146	30151
7220	1905	1881	29912	29696	29697
7220	1984	7215	30626	30634	58174
7374	2012	1984	30882	30635	30630
7215	1984	2012	30634	30635	30876
7014	7013	6861	57314	56648	56650
7374	7373	2012	58842	30883	30882
7148	7059	1903	57506	29890	29894
7426	2012	7373	30879	30883	58845
9352	8910	3227	65338	40950	40948
3227	3723	2040	40949	31126	31133
2040	2008	3382	30847	30845	31128
7586	2097	7381	31658	31650	58881
7631	7541	2097	59600	31655	31659
7633	7631	2224	59995	32823	32825
7633	7541	7631	59599	59600	59995
7586	2072	2205	31428	31429	32643
7757	7633	2224	60001	32825	32824
7483	2205	2072	32644	31429	31423
8808	7747	2205	60520	32639	32645
7630	2205	7483	32646	32644	59346
8808	2205	7630	32645	32646	59992
9052	3674	3334	43425	41560	41564
9052	3334	2803	41564	37999	37998
3334	2818	2803	38137	37995	37999
6421	1439	1441	25793	25795	25813
6417	6251	1439	54027	25798	25796
3873	3467	3108	42321	40217	40220
7895	2305	5410	33546	33541	50569
7895	5410	3166	50569	40571	40576
2327	2301	2352	33502	33507	33741
2352	3166	2372	33983	34164	33977
10778	7798	2305	60717	33545	33547
6185	1398	1367	25438	25173	25172
8355	2543	2978	35715	35718	39415
8597	2643	2685	36591	36585	36969
8786	2393	3901	34362	34353	44563
8786	2463	8130	34998	34992	62113
8786	8130	2393	62113	34356	34362
8335	3605	3186	43075	40704	40699
9299	2463	3762	34989	34997	43893
9299	3762	3605	43893	43074	43076
9299	3605	3276	43076	41208	41209
8805	8804	2755	64956	37575	37579
8805	2755	8343	37579	37580	63023
8805	2698	8633	37066	37065	64289
8805	2952	2698	39243	37068	37066
8805	8343	2952	63023	39245	39243
8805	8633	8804	64289	64285	64956
8343	2755	2792	37580	37571	37901
9510	8633	2698	64288	37065	37069
2952	2717	2698	37245	37070	37068
8685	8632	2698	64284	37071	37072
8685	2698	2717	37072	37070	37240
8343	2792	2952	37901	37902	39245
8926	2952	2792	39246	37902	37900
9510	2698	8632	37069	37071	64280
8926	2717	2952	37233	37245	39246
8685	8602	8632	64170	64167	64284
9051	2823	9048	38177	38187	65803
9301	3301	6945	41364	41360	57017
9301	2539	8295	35679	35680	62818
9301	3275	3301	41205	41201	41364
9301	8295	3275	62818	41203	41205
8385	2521	8295	35516	35521	62814
2527	3783	3043	35577	39831	35575
6148	3043	2571	39827	35949	35950
3449	3881	3783	42219	43994	42221
8527	8484	2571	63653	35951	35952
3449	3783	2527	42221	35577	35572
8484	6148	2571	53618	35950	35951
3881	2586	2571	36080	35953	35946
2586	3001	2571	36077	35954	35953
8527	2571	3001	35952	35954	39561
8561	8484	8527	63650	63653	63843
8527	3001	5910	39561	39557	52601
7997	3330	2398	41542	34399	34404
7999	2398	2421	34407	34402	34624
7997	2304	4936	33533	33525	48664
3403	2328	2329	33750	33751	33757
7997	4936	3330	48664	41539	41542
8042	7999	2421	61573	34624	34622
8042	2329	7999	33752	33756	61573
6758	1757	1754	28612	28589	28588
1724	1754	1757	28310	28589	28312
6760	6602	1659	55483	27763	27762
6602	6538	1659	55217	27757	27763
8974	8967	2803	65528	37996	38000
11028	8974	2803	65548	38000	37992
9042	2752	8974	37545	37548	65549
11028	9042	8974	65779	65549	65548
8974	8793	8967	64925	64923	65528
8974	2752	8793	37548	37549	64925
3683	3900	2752	43472	37550	37546
8793	2752	3900	37549	37550	44554
8926	2792	2790	37900	37878	37876
10748	7676	7791	60209	60206	60688
8672	2684	8671	36958	36955	64459
7795	7791	2304	60689	33534	33537
7795	2199	7791	32589	32592	60689
9180	2304	2300	33536	33500	33499
10748	7791	2199	60688	32592	32591
7805	7753	2279	60539	33315	33316
7805	2309	7753	33580	33579	60539
7753	2309	2224	33579	32826	32827
7753	2205	7747	32647	32639	60521
7753	7747	2279	60521	33312	33315
7753	2224	2205	32827	32642	32647
7844	2309	7805	33581	33580	60747
7808	2224	2309	32828	32826	33582
10795	7808	2309	60758	33582	33575
7758	7757	2224	60555	32824	32829
7844	7805	2279	60747	33316	33314
7953	2309	7844	33578	33581	60908
7808	7758	2224	60556	32829	32828
7069	1854	7022	29448	29445	57348
6251	6250	1439	54025	25799	25798
6250	6187	1404	53775	25493	25501
6250	1404	1439	25501	25495	25799
8425	2462	8249	34987	34974	62621
8466	2462	8425	34983	34987	63375
9114	8718	2678	64645	36907	36908
9114	2678	8626	36908	36909	64262
8626	2661	3420	36752	36751	42066
8626	2678	8551	36909	36910	63947
3863	3880	3420	44384	42064	42068
8626	8551	2661	63947	36747	36752
3863	3420	2661	42068	36751	36749
8551	2678	2636	36910	36523	36512
7288	2019	2076	30940	30934	31470
2685	2753	2738	36968	37425	36960
3278	2717	2753	37244	37243	37555
7288	7287	2019	58468	30937	30940
10704	7288	2076	58470	31470	31467
8603	8562	8561	63986	63981	63983
8561	2587	8484	36087	36089	63650
8484	2587	6148	36089	36090	53618
8395	6148	2587	53614	36090	36084
6475	1548	6417	26768	26773	54720
6470	6416	1548	54716	26774	26772
8807	8804	2721	64951	37278	37277
8531	2721	2650	37280	36654	36656
8750	8686	2649	64520	36644	36639
6610	6609	6475	55509	54947	54948
6610	1665	6609	27812	27811	55509
6610	3161	1665	40545	27813	27812
6610	1550	3161	26795	26794	40545
6610	6475	1550	54948	26793	26795
9460	1665	3161	27807	27813	40546
9460	3161	3132	40546	40373	40376
3161	1550	1551	26794	26788	26804
1550	6475	6422	26793	54734	26785
6609	1548	6475	26775	26768	54947
6609	1665	1691	27811	27814	28035
1665	1768	1691	27815	28030	27814
6871	6870	1768	56679	28693	28694
8211	1768	6870	28695	28693	56677
6871	1768	1797	28694	28696	28949
1665	1797	1768	27806	28696	27815
6652	1548	6609	26771	26775	55511
6652	6609	1691	55511	28035	28033
8211	6869	1768	56675	28690	28695
8531	2650	3188	36656	36657	40720
9388	3196	8562	40767	40765	63988
10890	3196	5244	40766	40768	49887
2650	3099	3188	36649	40172	36657
9388	8562	2649	63988	36647	36641
9411	3188	3099	40715	40172	40167
11018	2785	2833	37841	37840	38272
11018	8961	2785	65514	37839	37841
2785	2804	2833	37833	38002	37840
11018	9090	9039	65962	65770	65771
11018	9039	8961	65771	65510	65514
11018	2833	9090	38272	38273	65962
9090	2818	9039	38135	38138	65770
8961	9039	2784	65510	37828	37825
9098	9090	2833	65958	38273	38270
10946	2625	8629	36430	36429	64273
10946	2697	3058	37061	37062	39932
9202	3200	2660	40788	36743	36738
8716	2676	2660	36887	36741	36744
8716	2660	3200	36744	36743	40790
8853	2711	2751	37185	37180	37535
10808	7993	7992	61551	61543	61544
10808	7992	7939	61544	61316	61317
7992	2394	7991	34370	34369	61541
9851	7992	7991	61546	61541	61542
9851	9846	7992	68200	61547	61546
7993	2394	7992	34366	34370	61543
10808	2395	7993	34374	34379	61551
10808	7939	10799	61317	61313	70329
9846	7939	7992	61310	61316	61547
9851	7991	2298	61542	33478	33484
9851	2298	9846	33484	33482	68200
7991	2394	2325	34369	33713	33718
7572	2144	7622	32082	32086	59731
7426	2119	2043	31854	31157	31156
2144	2043	2119	31151	31157	31850
8729	2709	8664	37165	37164	64432
8735	2709	8729	37166	37165	64681
9941	2709	8735	37167	37166	64708
8729	8664	2619	64432	36371	36372
8664	2709	8662	37164	37159	64427
9941	7103	2709	57707	37163	37167
8729	2639	8734	36548	36543	64684
8729	2619	2639	36372	36370	36548
8664	8662	8593	64427	64125	64126
8664	8593	2619	64126	36367	36371
8662	2664	8593	36778	36782	64125
7287	7284	1937	58460	30215	30212
10663	7284	7287	58457	58460	58469
10663	2054	2053	31266	31246	31254
7337	2076	7232	31466	31464	58238
7232	2019	7231	30935	30939	58235
7022	1912	1937	29970	29967	30218
7069	7022	1937	57348	30218	30209
8432	8385	2580	63204	36028	36029
8433	8432	2580	63407	36029	36031
8385	2539	2580	35683	35682	36028
8470	2580	2539	36032	35682	35684
8433	2580	2606	36031	36033	36249
8385	8295	2539	62814	35680	35683
8471	8470	2539	63594	35684	35681
8557	2580	8470	36034	36032	63597
8557	2606	2580	36253	36033	36034
8558	2606	8557	36251	36253	63970
8558	8557	2664	63970	36784	36779
8593	2664	8557	36782	36784	63969
6945	2537	2539	35662	35657	35678
10897	2603	8469	36233	36231	63593
6417	1548	6416	26773	26774	54713
2963	3516	2395	39324	34378	34380
11094	3516	2963	42583	39324	39321
10808	10799	2395	70329	34377	34374
8433	2523	8432	35540	35538	63407
5729	3511	2606	42557	36248	36254
5729	3311	3511	41426	41425	42557
5729	2978	3311	39416	39410	41426
8558	8519	2606	63813	36255	36251
7191	2978	5729	39412	39416	51876
5729	2606	2628	36254	36256	36456
8519	2628	2606	36448	36256	36255
2748	3679	3674	37511	43426	37512
4426	3679	2748	43451	37511	37513
4426	3888	3679	44507	43452	43451
3583	2748	3674	37507	37512	42943
8846	4426	2748	46629	37513	37505
3679	3888	2784	43452	37821	37829
3334	3674	3679	41560	43426	41565
8846	2746	4426	37490	37485	46629
2784	3334	3679	37827	41565	37829
7799	2301	7794	33510	33509	60704
10778	7895	7799	61130	60720	60718
10778	2305	7895	33547	33546	61130
7739	7679	2249	60218	33039	33043
7799	2352	2301	33979	33507	33510
7623	2145	2193	32100	32099	32535
7619	2193	7568	32539	32540	59718
7569	7568	2193	59713	32540	32541
10749	7676	7620	60208	59954	59956
9803	7620	7619	59957	59952	59951
10748	2199	7623	32591	32593	59965
7623	2199	7575	32593	32587	59745
10748	7623	7676	59965	59963	60209
7569	2193	2145	32541	32099	32093
7623	7575	2145	59745	32095	32100
10749	7620	2219	59956	32787	32784
9803	2219	7620	32775	32787	59957
8471	3036	2619	39786	36373	36374
8471	2619	8470	36374	36375	63594
8471	4798	3036	48099	39783	39786
2639	2619	3036	36370	36373	36549
8593	8470	2619	63598	36375	36367
3036	3779	2639	39779	36540	36549
8593	8557	8470	63969	63597	63598
8471	2539	4798	35681	35673	48099
10946	3058	2625	39932	36431	36430
8672	2697	2684	37058	36957	36958
8672	3637	2697	43257	37063	37058
2697	3515	3058	37064	39934	37062
2625	3058	2955	36431	39266	36422
2697	3637	3515	37063	42576	37064
3515	3545	3058	42577	39935	39934
2955	3058	3545	39266	39935	39263
