6721	6659	1699	55712	28094
8724	1605	6516	27296	27295
7762	2227	2229	32853	32852
7342	2081	7341	31507	31506
3254	3736	1974	41092	30535
1662	1623	1547	27458	26759
7274	7151	1980	57915	30587
10644	1995	7180	30717	30716
6754	1719	3871	28272	28271
1317	1434	1400	24701	25449
6622	1586	1583	27121	27096
1499	6410	6467	26333	54693
6413	1499	6467	26334	26335
10552	3486	8094	42417	42416
9692	6520	6519	55151	55147
1576	1690	1622	27032	27453
7890	2273	7889	33256	33255
6816	1832	1771	29239	28711
7958	2334	2380	33807	33806
7062	6956	1848	57063	29380
9705	1648	6697	27676	27675
9309	7066	3028	57534	39733
6816	6815	6766	56434	56192
5949	1283	4571	24397	24396
7501	7500	2161	59425	32241
10766	7756	7755	60548	60544
6465	6462	1542	54894	26715
7627	2197	2221	32568	32567
9094	3438	3328	42152	41525
6306	1444	6207	25834	25833
10781	2308	2280	33568	33317
8965	3597	5250	43023	43022
1803	1737	3253	28428	28429
9783	7369	2092	58827	31603
7501	2100	7500	31676	31675
8797	7943	3681	61330	43457
6806	4273	1751	46035	28555
7526	7473	2116	59306	31818
2160	3288	3291	32229	41272
1966	3193	1915	30461	29991
6584	1645	1644	27650	27642
7502	7500	2081	59428	31509
2035	2036	2113	31075	31084
6462	3243	1542	41036	26718
1474	3879	3822	26105	44189
7382	7290	2021	58478	30952
7682	2091	7628	31595	31594
8719	2334	7852	33810	33809
7096	7054	1926	57483	30094
7120	1570	1571	26988	26987
10590	1750	3191	28547	28546
7028	1804	6984	29004	29003
10507	6481	6619	54972	54971
6577	3295	3004	41312	39573
9503	3295	6577	41314	41312
7751	7742	2202	60495	32612
10590	3191	1874	40732	29623
9764	7258	7047	58348	57455
9261	6953	1845	57050	29353
1474	3822	1556	26106	26845
9144	3402	7377	41962	41961
9506	1980	5422	30591	30590
6418	1504	6420	26382	26384
10642	7164	7066	57970	57536
7096	1950	1902	30328	29879
1607	1570	1567	26990	26951
7175	7174	1914	58002	29981
6468	1657	1576	27746	27035
9714	3809	6746	44126	44125
10469	1496	10468	26301	26300
2222	2221	2274	32799	32798
2468	2419	2469	34600	34599
7173	1991	1966	30682	30463
10494	6357	3607	54465	43085
1967	3761	3697	30469	43543
7772	7502	2081	59432	31510
6131	1377	1349	25254	24993
10766	2281	2255	33325	33086
7117	6979	1888	57150	29758
6131	1349	6080	24994	24996
7960	7957	2379	61396	34223
6259	1447	1412	25865	25565
8136	2468	2444	35034	34821
9472	3122	6748	40316	40315
6526	1571	6523	26999	26998
6584	6518	1607	55142	27311
7054	1874	7053	29627	29626
7225	7224	7156	58209	57939
5787	1649	3772	27688	27687
7807	2285	2308	33356	33355
6461	6458	1568	54878	26965
6256	1349	1377	24997	24993
6750	1649	5787	27689	27688
7343	1967	2082	30473	30472
2452	2358	2472	34034	34033
6524	1615	1611	27390	27349
7677	2247	7626	33024	33023
1586	1519	1445	26506	25843
8092	2444	2351	34823	33966
6876	1803	3253	28997	28996
2452	2334	2358	33812	33811
1568	1538	1537	26677	26667
6979	1856	3236	29459	29458
9509	3111	4584	40234	40233
1469	1433	1497	25744	25745
1469	1434	1433	25748	25743
6481	1583	6429	27102	27101
1845	6953	7058	29353	57052
1791	6757	6865	28889	56157
1317	1405	1433	24704	25502
6207	1444	1377	25833	25257
11238	1981	10642	30597	30596
6433	6432	1444	54768	25836
6656	1672	6618	27871	27870
9119	3409	3417	42002	42001
10591	9261	3387	66554	41880
6828	6827	1804	56467	29009
7957	7956	2377	61392	34203
5649	5535	3570	51095	42872
7958	7853	2334	60944	33814
1499	1469	1497	26062	26061
8178	2444	2468	34824	34821
7221	1981	6842	30600	30599
6768	1661	6710	27780	27779
1545	1508	6356	26418	26419
1508	1435	6356	25756	25758
7588	7589	9792	59792	59797
3697	3761	3155	43543	40503
7499	2078	2160	31480	31479
1610	1684	1647	27338	27668
3368	3528	9244	41768	42643
7957	2377	2379	34204	34206
9092	6979	3236	57152	40995
1698	1770	1737	28087	28427
1672	1770	1698	27873	28087
1775	1700	1737	28101	28102
1700	1698	1737	28089	28088
7048	7007	1813	57285	29082
7684	2178	7629	32397	32396
1672	1698	1673	27874	27884
7894	7801	2251	60725	33055
6458	6457	1568	54874	26969
10623	1893	7074	29803	29802
7500	2056	2081	31280	31279
8970	8763	3648	64810	43307
6801	1684	1683	27982	27974
2139	2113	2141	31793	31792
9692	6518	1608	55144	27316
9503	1664	3295	27797	27796
7811	2311	7763	33592	33591
8003	2280	2308	33320	33317
7012	1902	6952	29883	29882
6772	1696	3912	28071	28070
6465	1538	6462	26680	26679
10793	2274	2272	33263	33247
1573	3715	3488	27015	42425
6301	1409	10437	25539	25540
1434	1317	1433	24701	24705
6619	6481	1553	54971	26816
9825	7693	2207	60271	32663
7175	1992	7174	30693	30692
8710	3705	3785	43591	43590
2005	2169	2116	30805	31821
7111	1906	1853	29917	29430
7204	1928	2067	30118	30121
3657	3926	1606	43338	27303
6603	1617	6537	27407	27406
7068	1883	1936	29709	29708
7173	1966	1915	30464	29990
6623	1558	6558	26868	26867
8346	3295	6608	41317	41316
8183	2488	2472	35225	35069
9338	3243	6457	41039	41038
3978	2182	2162	32430	32251
10737	7696	7639	60280	60025
7677	2194	2172	32545	32342
1932	7147	7276	30163	57900
7219	1932	7276	30164	30165
8710	2092	3506	31606	31609
9192	3591	3406	42985	41986
6597	1651	1615	27699	27392
9764	7257	7258	58346	58345
6132	1377	6131	25260	25254
7368	2035	2005	31080	30810
9261	3548	3387	42752	41883
7526	2195	2175	32554	32369
9506	3084	3090	40088	40087
9792	7437	2074	59138	31441
2091	3705	3653	31598	43321
7503	5322	2042	50213	31141
1936	1883	1990	29708	29711
5232	1966	3167	30466	30465
7057	1751	1845	28559	28558
9192	3406	3180	41987	40660
7639	2229	2227	32868	32852
3784	1497	1506	26316	26315
7584	2204	7582	32635	32634
7756	2206	7755	32652	32651
10650	7283	7227	58448	58216
1915	3193	1890	29991	29777
7057	1845	1872	29357	29359
7024	6975	1832	57133	29237
9834	7892	7891	61118	61114
6526	3488	1571	42427	27001
2017	3180	1961	30916	30417
1730	1771	3611	28362	28715
3093	1730	3611	28363	28364
6823	6772	1774	56219	28739
4571	1283	1321	24396	24398
10642	7066	10619	57537	57539
6583	1644	1643	27643	27632
8710	3785	7475	44001	44003
7343	1995	3761	30720	30719
7271	2042	3528	31145	31144
10467	6537	1539	55211	26684
6582	1643	1610	27635	27341
10766	2255	7693	33087	33089
9465	7147	1932	57901	30163
7294	2056	1992	31282	30694
6980	3486	1738	42419	28441
7738	2143	7682	32076	32075
7590	2207	2160	32666	32234
9698	3060	2991	39939	39491
6828	1804	1776	29010	28756
7116	1856	6979	29461	29459
7585	2225	2204	32830	32636
10766	7693	7756	60273	60274
2221	2272	2274	32800	33247
10467	1540	6537	26701	26700
5949	5649	3339	51540	41585
6767	1660	6605	27767	27764
8000	2420	2399	34613	34412
7062	1877	6956	29654	29651
3441	3111	2160	40236	32236
9704	6696	1719	55892	28274
7628	2091	2071	31594	31412
7143	1924	1872	30081	29605
6408	1496	1498	26306	26305
8854	3926	3657	44678	43338
6909	6866	1821	56664	29157
9219	5322	3653	50215	43323
7585	2204	7584	32629	32635
6812	1771	1832	28717	28711
6910	3028	1765	39736	28668
3609	3714	1542	43093	26719
7452	2074	7437	31443	31441
6521	3086	1608	40097	27322
7956	2255	2281	33090	33086
1974	3304	3254	30540	41096
6852	1714	1715	28234	28233
1730	1662	1729	27787	27784
6897	1787	1714	28853	28235
5407	1933	3528	30175	30174
10449	3607	6357	43088	43085
2941	3681	2349	39174	33946
7380	3402	2015	41967	30900
7294	7175	1914	58005	29982
7452	7331	2074	58659	31444
7120	3609	3243	43095	41040
3191	1789	1873	28873	28872
6803	6749	1684	56122	27983
1983	7155	7156	30618	57936
9764	7143	7257	57885	57884
10494	1547	6545	26763	26762
3784	3899	1497	43997	26321
8011	2380	2400	34233	34232
1348	1283	3339	24399	24400
8092	2349	2419	33950	33949
6425	1470	1553	26071	26070
6432	6304	1444	54258	25841
6577	3765	3815	43908	43907
7762	2225	2227	32833	32832
6604	6537	1540	55213	26700
8001	7951	2306	61371	33548
7204	7144	1928	57886	30122
3578	1915	1833	29995	29244
7436	2096	2152	31642	31641
10467	6409	1540	54687	26702
10650	7227	10642	58217	58219
9705	6696	1613	55894	27372
10483	6468	1575	54916	27025
10680	2038	7370	31107	31106
7382	2096	7380	31645	31644
7589	2206	2207	32655	32654
7892	7890	2350	61112	33960
8183	2448	8138	34857	34859
5407	1849	1933	29397	29396
1771	3544	3611	28716	42734
10618	1913	7024	29971	29974
7439	4239	3360	45891	41724
3730	1842	3809	29323	29325
7763	7762	2229	60567	32866
3539	1791	3387	28897	28896
6648	1604	3122	27284	27283
7332	2074	7331	31445	31444
6597	1615	6533	27393	27395
1666	3912	3815	27819	44156
7382	7380	7290	58877	58480
10449	1435	3607	25760	25759
7487	7439	2125	59149	31908
7843	7802	2306	60733	33551
6646	1681	1645	27958	27652
9472	6748	1685	56115	27990
2229	3542	2286	32869	33370
6774	1666	3628	27822	27821
7952	7843	7951	60905	60904
6637	2256	2182	33098	32432
10470	6411	1496	54701	26303
7143	1872	7142	29610	29611
1845	1751	3548	28558	28561
7343	2082	7342	31518	31521
6618	1553	6656	26822	26823
10589	6858	6753	56635	56142
3809	9714	3672	44126	43418
7028	6984	1890	57167	29778
6294	6246	1400	54010	25457
7341	2081	2056	31506	31279
6880	6879	1833	56711	29247
9698	3441	6637	42174	42173
1765	1832	6816	28671	29239
7435	7332	2124	58666	31897
1448	1519	1447	25876	25869
7274	2042	7271	31146	31145
9838	8719	3777	64649	43964
10694	7632	7438	59996	59146
7801	7684	2251	60243	33061
6198	6197	1283	53815	24401
6585	4041	3690	45118	43512
1737	1770	3491	28427	28708
3253	1737	3491	28429	28433
6880	1833	1834	29248	29249
2399	2420	2447	34412	34609
6585	3690	1605	43513	27298
7943	7942	2373	61326	34165
3476	1967	3608	30476	30475
6523	1609	1613	27330	27329
10737	2161	7696	32245	32244
7435	2124	3861	31898	31900
7155	1821	1906	29160	29154
6910	3417	5923	42053	42052
1848	3271	3162	29385	40547
8829	1752	6754	28565	28564
6951	1717	1750	28254	28253
7639	2227	7636	32855	32856
6411	1542	1541	26721	26708
7948	7945	2280	61335	33321
9144	1983	7224	30622	30621
7742	7628	2202	59984	32618
1571	3715	3714	27002	43652
6601	1541	3203	26705	26710
9692	1609	6520	27333	27332
1666	6771	3912	27824	44611
2141	2172	2194	32059	32342
8583	7889	2273	61110	33255
10480	6461	1568	54890	26966
7696	3542	2229	42724	32869
7804	2204	2225	32632	32636
6425	1471	1470	26079	26072
9062	9244	3528	65845	42643
7957	2255	7956	33091	33090
7802	2223	3263	32816	32815
5322	3506	2042	42525	31147
10589	1717	6951	28256	28254
10606	7096	1902	57683	29880
3283	1647	1684	27670	27668
3107	2091	3653	31600	31599
8663	3928	3926	44689	44680
6774	3628	1738	43200	28444
10680	7262	2038	58367	31109
6775	6719	1702	55975	28114
1508	1547	3607	26420	26765
3520	1547	1508	26764	26420
2178	2124	2149	31902	31903
10680	1976	7262	30556	30555
7474	2047	7473	31191	31190
1518	1447	1587	25873	25872
10650	10642	1981	69994	30596
7475	3785	2143	44003	32078
1540	1501	1505	26350	26349
7377	5422	1983	50624	30623
6866	1756	1821	28599	28601
7173	1915	3578	29993	29995
10591	3387	1849	41881	29398
10644	7074	1893	57573	29802
4672	2080	4584	31502	31501
9509	2080	7499	31504	31497
3718	3772	1649	43673	27687
6409	1498	1501	26326	26325
9489	7504	3106	59436	40201
6801	1683	1788	27975	27977
10470	1538	6465	26681	26680
3570	1349	1348	25000	24988
10591	5407	6953	50553	50552
3339	3570	1348	41589	24989
6662	6617	1671	55536	27867
1545	1622	3520	26746	27456
1499	1497	3915	26313	26314
1652	1573	3488	27017	27016
3203	1573	1652	27012	27017
6586	6585	1604	55419	27289
1622	1690	1662	27453	27788
3565	3591	2078	42842	31484
6558	1518	1587	26503	26502
6910	1765	3417	28669	28673
6690	1715	6646	28241	28240
6776	1776	6775	28759	28758
3155	3167	3670	40509	40579
6662	1739	1702	28455	28117
8182	2468	8179	35037	35039
7750	2202	2204	32621	32620
7742	2250	7682	33050	33049
9117	3476	3608	42369	42367
6583	1608	6518	27326	27316
7341	1914	7180	29986	29985
7944	7942	2276	61328	33280
7341	7294	1914	58493	29984
7058	1872	1845	29612	29359
6803	1789	6749	28874	28876
5734	3772	3718	43941	43673
7219	6842	3164	56549	40559
1623	1730	1693	27460	28048
9430	1916	5232	29998	30003
7853	2311	7852	33595	33594
9192	3180	7452	40661	40657
7804	7750	2204	60531	32637
7262	1976	1950	30555	30330
7377	3084	5422	40092	40090
1545	3520	1508	26747	26421
7025	3067	1857	39988	29472
6656	1579	1693	27068	27067
2452	2488	2470	34894	35053
6530	1615	1537	27397	26670
1627	6551	8751	27493	55264
6551	1627	1671	27493	27492
2469	2419	2374	34599	34178
1605	1567	6516	26957	26958
7523	2141	2092	32061	31611
3426	2100	2126	31681	31678
10793	7890	7892	61113	61112
10417	6208	1412	53853	25571
9834	7893	2274	61122	33264
7582	2204	2202	32634	32620
9990	3060	9698	39941	39939
6520	1570	6519	26993	26992
7204	7142	7144	57880	57879
6079	1961	3578	30422	30421
6415	1545	6356	26745	26740
8763	2074	7435	31447	31446
1816	1874	7012	29110	29630
7270	3528	2042	42650	31144
7369	2067	1928	31380	30121
8719	7908	2334	61184	33816
6801	1788	1789	28863	28864
6408	6407	1538	54684	26682
1770	3093	3611	28709	40138
3544	1770	3611	28705	28710
7807	7804	2225	60744	32835
1652	3488	3496	27705	42430
10619	7066	9309	57539	57534
9033	3570	5535	42875	42872
7475	2143	2172	32079	32072
2251	2222	2274	32807	32805
5734	3539	3772	42705	42704
8139	2469	8002	35045	35044
3491	1770	3544	28708	28705
3193	3333	1890	40742	29781
10480	6524	6461	55166	54891
9092	6980	1888	57156	29760
6433	1444	6368	25837	25842
7590	2078	7437	31482	31487
6879	1803	1857	29001	29000
10586	6898	1842	56789	29326
7271	3528	1933	42647	30174
2286	2162	3777	32256	32254
6828	6721	6827	55985	55984
6898	6897	1841	56786	29316
9119	3417	6765	42050	42055
1672	3093	1770	27877	28709
9062	3528	7270	42649	42650
7684	3263	2178	41142	32399
10694	2975	7632	39397	39396
9144	7224	2015	58206	30903
2124	2178	3861	31902	32400
7380	2015	7290	30901	30905
7629	2178	2149	32396	32129
7025	7024	1913	57356	29974
9489	3106	3060	40202	39942
7890	7889	2350	61109	33957
8011	2400	8005	34421	34423
8765	3702	3801	43576	43575
8797	3681	2941	43458	39174
6547	1553	6546	26825	26824
3203	1541	1573	26710	26711
6582	6521	1608	55155	27323
1715	1714	1681	28233	27960
7180	1914	7074	29985	29988
8724	1604	1605	27292	27291
7570	2139	2141	32042	32040
2035	2139	2169	31082	32046
1573	1541	1542	26711	26708
10467	1539	6409	26685	26687
1622	1545	1575	26746	26741
6823	1774	3702	28740	28742
8183	2472	2448	35070	34854
7257	7143	1975	57884	30547
6207	6132	6206	53555	53554
6719	1738	3628	28445	28444
3090	2071	3107	31416	31415
10494	6545	1509	55244	26427
7499	2080	2078	31497	31488
10675	7180	1995	58029	30716
2113	2139	2035	31793	31082
6858	3871	1719	44429	28271
7221	2050	1981	31215	30604
6768	1731	1767	28378	28377
6803	1684	6801	27984	27982
1497	3899	3906	26321	44550
5250	1762	1752	28650	28567
6619	6618	1672	55540	27870
2353	2351	2420	33973	33969
10659	7474	7277	59311	58423
3167	3608	3670	40580	43092
7890	2272	2273	33251	33250
7120	3714	3609	43656	43093
7331	2017	7283	30919	30918
10417	6206	6208	53849	53846
6816	6766	1765	56193	28674
7504	4397	2161	46507	32246
4512	3822	3879	44191	44189
3291	3441	2160	41288	32237
6753	1719	6697	28279	28278
7024	1832	3028	29241	29242
7219	3164	1932	40560	30168
2256	3291	9286	33095	41289
6852	1715	1813	28238	28244
9092	3486	6980	42420	42419
6601	1657	6468	27750	27746
6917	1833	6879	29251	29247
8719	7852	3777	60940	43966
6806	3272	4273	41187	41186
6457	3243	1568	41038	26971
8179	2468	2469	35039	35032
8389	2306	7802	33553	33551
6587	1607	3690	27314	27313
1684	1610	1683	27338	27344
7628	7581	2202	59769	32622
8389	3263	7801	41145	41147
7111	1853	7068	29433	29436
9737	6969	1853	57105	29437
1856	1774	3236	28743	28744
9430	3167	3155	40581	40509
7057	6949	6806	57032	56400
7811	7763	2229	60570	32872
6775	1776	1738	28758	28446
6481	6429	1553	54756	26826
7677	2172	2247	32343	32348
6597	1617	1722	27411	27412
1683	1610	1643	27344	27341
1662	1690	1729	27788	28025
5649	3570	3339	42873	41589
7570	2141	2194	32062	32060
2162	2286	3542	32256	33370
10417	6207	6206	53852	53848
10618	7024	3028	57355	39737
6619	1672	1673	27878	27876
8389	7801	2306	60727	33554
9033	6080	1349	53329	24996
6656	6547	1579	55253	27069
3714	1573	1542	27018	26723
10494	1509	6357	26428	26429
7096	1926	1950	30095	30099
7277	2014	7219	30896	30894
1557	1627	8751	26861	27494
2350	2941	2349	33963	33947
9838	3777	2182	43965	32434
10586	6947	6898	57026	56791
1961	3406	1991	30424	30684
6533	1539	1617	26689	26688
6304	1474	6302	26112	26113
6302	1348	1349	24990	24988
7951	7843	2306	60904	33552
7262	1950	7261	30331	30332
1660	1756	10510	27772	28602
7377	2095	3084	31636	31635
6304	4512	3879	46950	44465
1722	1617	3022	27412	27415
8389	7802	3263	60729	41146
6711	6710	1664	55939	27803
6898	1787	6897	28855	28853
7144	7058	1928	57502	30124
7632	2225	7585	32837	32830
7474	2121	7277	31865	31864
6948	1871	1873	29601	29599
6619	1553	6618	26817	26822
6984	1834	1890	29257	29258
7332	7331	7283	58665	58450
8870	3702	8765	43580	43576
7503	2042	7274	31142	31146
7571	7570	2194	59727	32542
3761	1995	3155	30719	30723
1833	1890	1834	29252	29258
1664	1661	1544	27781	26737
7171	1962	1990	30432	30430
10507	6619	6621	55544	55547
8870	8765	1830	64818	29223
6621	1673	6622	27887	27888
7636	2227	2975	32856	32857
1723	1657	1652	27751	27708
6774	1738	3486	28437	28441
8183	8138	2447	62145	34850
8829	3871	3724	44430	43702
7261	1926	1974	30102	30101
8136	2419	2468	34602	34600
8724	8663	1604	64431	27293
6601	3203	1657	40805	27752
10590	1874	6951	29624	29631
7225	2015	7224	30906	30903
7274	7271	7151	58403	57917
5232	3333	3193	41559	40742
6947	1789	1788	28878	28864
9506	3090	3107	40115	40117
6530	1537	1539	26671	26673
2380	2334	2452	33806	33812
10589	6951	1816	57043	29113
8011	2308	2285	33574	33355
10644	7181	1995	58030	30724
7632	2125	7438	31909	31911
10470	6408	1538	54686	26683
6587	6584	1607	55417	27312
9848	7958	7959	61401	61400
6776	6775	1739	56230	28453
10659	7277	7276	58424	58420
1435	1508	3607	25756	26422
7025	1913	6079	29977	29978
6433	1558	6432	26871	26870
10675	7343	7342	58713	58709
7047	1900	7007	29865	29861
1496	3906	1498	26309	26330
2071	3090	3084	31416	40087
2472	2488	2452	35069	34894
6190	1317	1321	24710	24713
9783	7470	2113	59295	31795
9186	3409	3597	42005	42004
7436	3402	2096	41968	31646
7074	1914	1892	29988	29799
2248	2303	2273	33031	33252
10618	7164	9756	57974	57973
6079	3578	3067	42914	39985
10589	6753	1717	56145	28257
7174	1992	1962	30692	30427
9834	7891	7893	61115	61117
3067	3578	1833	39985	29245
1575	1576	1622	27030	27033
3087	1914	1888	29989	29763
7523	2092	7475	31612	31613
9094	4273	3272	46037	41186
7896	2306	7801	33555	33554
8182	2488	8181	35229	35228
7584	2152	7488	32157	32156
7012	6952	1816	57045	29115
9244	9062	1928	65845	30125
3106	3708	3060	40204	39944
6656	1553	6547	26823	26825
2195	2116	2169	31823	31821
6952	1902	1848	29882	29391
3672	2989	3736	39477	39476
9219	8710	3506	64615	42528
7420	7370	2038	58831	31106
7908	2358	2334	34035	33811
7470	2092	2141	31610	31611
6079	1913	1961	29978	29976
7763	2285	7762	33362	33363
3368	7058	6953	41771	57052
7488	2096	7487	31648	31647
5422	1980	1983	30590	30594
2182	3777	2162	32434	32254
7571	2139	7570	32048	32042
10468	6411	1541	54702	26709
7332	7283	2050	58453	31217
2175	2149	2121	32131	31869
10468	1496	6411	26300	26303
8182	8181	8178	62314	62299
8000	7896	2353	61132	33988
9506	7274	1980	58414	30588
10793	2272	7890	33248	33251
11238	3413	1981	42027	30605
5787	3387	3548	41886	41883
9286	3291	3288	41289	41272
2149	2222	7629	32132	32810
10483	6467	6410	54913	54693
1913	2017	1961	29979	30418
6775	1738	6719	28447	28445
6703	1690	1576	28027	27032
1791	1849	3387	28899	29398
6896	1813	1841	29088	29087
7742	7682	7628	60235	59981
9838	7908	8719	61181	61184
6407	1537	1538	26674	26667
7488	2152	2096	32156	31641
7120	1571	3714	26996	27003
6749	1750	3173	28553	28549
2056	2100	1992	31287	30696
9848	2285	2311	33365	33364
6720	6662	1671	55726	27868
7227	2017	7164	30921	30920
3087	1888	6980	29764	29760
6768	6605	1661	55498	27778
6306	1412	1518	25574	25568
7037	1684	6749	27986	27983
3191	1750	1789	28546	28554
9705	6697	6696	55896	55895
2071	2091	3107	31412	31600
6700	1651	6597	27702	27699
8583	2941	7889	39177	39179
8182	2470	2488	35056	35053
7203	2005	2038	30815	30814
7772	4672	3106	47598	40209
7943	2373	3681	34166	34170
1719	1686	9704	27999	27996
10591	6953	9261	57053	57050
7225	7156	1906	57940	29919
3648	3861	2178	43304	32400
7763	2311	2285	33591	33364
8970	2074	8763	31448	31447
6429	6425	1553	54745	26819
6415	1434	1469	25752	25748
6462	1568	3243	26972	26971
7096	1874	7054	29632	29627
3191	1873	1874	29615	29621
4672	4584	3708	47239	43617
1474	1409	6301	25542	25539
1513	1409	1474	25538	25542
10450	6360	1405	54481	25504
6408	1498	6407	26323	26328
8724	6516	3928	55132	44691
7377	3402	2095	41961	31637
7144	1872	7058	29613	29612
2206	3648	2223	32657	32817
6197	1409	10450	25543	25545
1409	6360	10450	25544	54481
9219	3653	3705	43324	43321
2178	3263	2223	32399	32815
2223	3648	2178	32817	32401
3173	1717	1648	28260	27680
7571	2195	2169	32556	32320
9792	2074	7588	31442	31438
6662	1702	1670	28118	27858
6947	1788	6898	28867	28868
6356	1434	6415	25754	25752
6356	6294	1434	54218	25753
6414	1545	6415	26748	26745
6414	6413	1545	54710	26744
1469	6414	6415	26066	54711
6414	1469	6413	26066	26065
6413	1469	1499	26065	26062
1506	1510	6420	26410	26434
6360	1510	1506	26433	26410
6368	1444	6306	25842	25834
6772	3912	6771	44609	44611
9430	3155	7181	40511	40512
6586	1645	6585	27657	27656
6546	1553	1470	26824	26070
7588	3648	2206	43309	32657
6577	3053	3765	39902	39900
6582	1610	6521	27342	27346
6646	1645	6586	27653	27657
7270	3990	1928	44942	30128
10586	6948	6947	57031	57029
8829	6754	3871	56148	44427
6748	3272	1749	41189	28540
1567	1605	3690	26957	27298
6587	1645	6584	27658	27650
3672	3254	3809	41094	41097
6700	5734	3718	51897	43674
1579	1509	6545	26432	26427
6474	1509	1579	26431	26432
5250	1752	8965	28568	28571
1752	8829	8965	28565	65048
7174	1962	7117	30433	30434
7772	2081	2082	31512	31513
1723	1686	1752	28001	28000
7368	7258	2036	58351	31089
8183	8181	2488	62310	35228
10507	6621	1583	55553	27104
7677	7626	2194	59977	32547
8003	7948	2280	61352	33322
10675	1995	7343	30722	30720
6585	1645	4041	27656	27659
6768	1767	6767	28681	28683
9698	6637	3978	55620	44889
3670	1967	3697	30479	30470
7143	7142	1975	57877	30549
1671	1556	6551	26847	26848
7751	2202	7750	32613	32621
7807	2225	2285	32836	32838
1674	1557	6623	26863	26859
1557	1674	1700	26863	27894
1700	1627	1557	27497	26861
1700	1699	1627	28098	27498
2374	2419	2373	34178	34168
8001	8000	2399	61576	34413
9704	1686	6649	27996	28002
1693	1672	6656	27879	27871
1693	3093	1672	28045	27877
1627	1699	6659	27498	28094
7590	2160	2078	32235	31479
10694	7636	2975	60015	39399
6465	1542	6411	26716	26721
7028	1890	1916	29779	29782
7420	2038	2005	31113	30814
1723	1762	6703	28308	28651
1762	1723	1752	28308	28307
1690	1762	1729	28028	28352
1723	1576	1657	27039	27035
3173	1750	1717	28549	28253
9783	2113	2067	31797	31378
10793	7892	9834	61121	61118
9192	2078	3591	31486	31484
7171	7116	1962	57759	30435
1651	1611	1615	27356	27349
1671	6659	6720	27869	55713
6659	1671	1627	27869	27492
6720	6659	6721	55713	55712
7772	3106	7502	40207	40211
1791	1722	6757	28299	28300
7294	1992	7175	30695	30693
3491	1771	6812	28719	28717
1771	3491	3544	28719	42451
7174	1888	1914	29765	29763
7632	2975	2225	39396	32839
6649	5374	1613	50409	27377
8139	8002	2400	61581	34424
3253	3491	6812	41090	42452
1832	1765	3028	28671	28668
1771	6815	6816	28720	56434
6815	1771	1730	28720	28362
7628	2071	7581	31413	31418
1856	3801	3702	29466	43575
6519	1607	6518	27315	27311
2071	2095	7530	31419	31638
11238	1850	3413	29405	29404
1803	6879	6880	29001	56711
1775	1803	6880	28750	29002
1775	1737	1803	28430	28428
7037	6749	3173	56127	40614
9783	2067	7369	31382	31380
10618	3028	7066	39738	39733
7225	1906	7111	29920	29917
6952	1848	3871	29387	29392
9737	8765	6968	64819	57100
7181	3155	1995	40512	30723
3784	1506	1504	26409	26391
7590	7437	7589	59141	59142
7171	1990	1883	30678	29711
6304	6302	6256	54250	54052
9692	6519	6518	55148	55146
6516	1567	3929	26958	26959
6876	1832	6975	29243	29237
6876	6812	1832	56424	29236
3087	1738	1892	28448	28449
7369	3506	2092	42531	31609
8001	2306	7896	33549	33555
1874	1816	6951	29110	29113
7501	2126	2100	31917	31678
10450	6190	6197	53788	53787
7627	2221	2222	32796	32799
1833	1915	1890	29244	29774
8751	6551	3822	55264	44192
6898	1841	1842	29317	29320
10781	7750	7804	60533	60531
10623	7074	1892	57570	29793
10589	1816	6858	29114	29116
9838	2182	2256	32435	32432
3929	1567	1569	26959	26962
9244	7058	3368	57504	41771
6842	2014	7221	30897	30895
7219	2014	6842	30894	30897
7503	3107	5322	40216	40215
7155	1983	7150	30618	30625
7590	7589	2207	59799	32668
6294	1400	1434	25458	25449
1657	3203	1652	27752	27704
4672	3708	3106	43618	40204
8011	2285	7959	33361	33366
9186	1850	5923	29406	29403
6662	1670	6617	27855	27859
9692	1608	1609	27317	27319
2248	2143	7738	32080	32076
6597	6533	1617	55195	27413
2038	1974	7203	30542	30543
9117	1966	1991	30467	30463
7420	2005	2116	30816	30808
6545	1623	1579	27464	27066
7502	2161	7500	32248	32241
1645	6587	4041	27658	45120
1813	1715	1685	28244	27992
6720	1739	6662	28450	28455
10552	6774	3486	56227	42421
1787	1788	1682	28857	27971
6719	3628	1702	43202	28119
8011	7959	2380	61405	34237
2447	2420	2444	34609	34616
1662	1547	1622	26760	26767
9503	6577	3137	55390	40398
3333	1916	1890	30005	29782
1537	10480	1568	26675	26970
11238	10619	1850	69945	29407
10591	1849	5407	29399	29397
8836	6355	1501	54461	26355
6355	1505	1501	26403	26349
2143	3785	2091	32078	31601
6306	6207	1412	53850	25575
1652	1686	1723	27711	28001
7474	7473	2121	59308	31872
9144	7377	1983	58861	30624
10479	6458	6461	54881	54878
2095	2071	3084	31419	31417
7894	7893	2353	61124	33990
1648	1613	1609	27376	27329
1513	1510	1409	26435	25546
3360	3426	2126	41727	31916
7526	2116	2195	31819	31823
5923	3417	3409	42052	42001
1738	3087	6980	28448	40101
10632	1856	7171	29468	29465
2273	2272	2247	33250	33026
7853	7852	2334	60943	33809
10468	1541	6410	26712	26713
6605	1660	6604	27764	27768
3670	3697	3155	43411	40504
6803	6801	1789	56375	28877
7341	2056	7294	31286	31282
9119	5250	3409	49921	42007
9192	7452	7437	59217	59140
10606	1902	7012	29884	29883
9509	7499	3111	59422	40238
1902	3271	1848	29885	29385
1730	1623	1662	27460	27458
6428	1549	1510	26780	26437
5407	3368	6953	41774	41772
3608	1966	9117	30468	30467
7959	7958	2380	61400	34230
2175	2197	7627	32371	32568
2197	2175	2195	32371	32369
10694	2126	7636	31920	31919
8092	2351	2349	33967	33955
6637	2182	3978	32433	32430
9465	7062	3162	57517	40549
7488	2125	7585	31912	31906
7488	7487	2125	59370	31905
7156	7155	1906	57936	29918
2197	2194	7626	32548	32547
2194	2197	2195	32548	32550
7571	2194	2195	32546	32549
2222	2149	2175	32132	32131
9393	6526	1613	55171	27379
7018	1821	1795	29162	28933
5734	6700	1722	51897	28302
6772	6713	1696	55949	28075
7504	2162	3542	32258	32257
5232	1916	3333	30003	30005
2250	2248	7738	33034	33033
2250	2303	2248	33045	33031
7224	1983	7156	30621	30620
6646	6586	1604	55421	27290
1576	1723	6703	27039	28309
3714	3715	1573	43652	27015
9430	5232	3167	49841	40577
7626	2247	2221	33023	32802
9186	5923	3409	52659	42006
2143	2248	2172	32080	32344
11238	10642	10619	69992	69943
6480	6479	1513	54967	26464
9792	7589	7437	59797	59142
9338	7120	3243	57778	41041
2050	3853	2124	31219	31904
3180	3406	1961	40660	30424
7523	2172	2141	32349	32059
2223	2281	7755	32818	33330
6526	6523	1613	55160	27375
10417	1412	6207	25572	25575
7500	2100	2056	31675	31287
7960	2358	7908	34036	34035
7571	2169	2139	32322	32046
1606	1611	1649	27306	27354
9506	5422	3084	50621	40090
8182	8178	2468	62300	35036
2286	2311	7811	33375	33592
8763	3861	3648	44377	43304
6360	1409	1510	25544	25546
7487	2096	7382	31647	31645
7369	1928	3990	30123	30128
7270	3506	3990	42533	42532
8000	2353	2420	33989	33987
7696	4397	3542	46509	42725
1447	1518	1412	25873	25568
6750	4273	3328	46039	41528
8138	2399	2447	34417	34415
1606	3438	3657	27308	42155
2080	3565	2078	31500	31485
7203	1974	3736	30543	30535
9393	3488	6526	42432	42427
10437	1409	6198	25540	25547
10450	1405	6190	25505	25506
8101	2472	2379	35073	34228
6479	1582	6428	27083	27090
7053	1874	1873	29626	29621
8836	3784	6355	44000	43999
9062	7270	1928	58399	30127
1649	3328	1606	27690	27309
6479	6428	1513	54755	26466
9000	7368	2005	58826	30811
5374	3496	3488	42472	42430
2989	3786	3736	39479	43757
6909	1791	6866	28895	28900
7751	7750	2280	60532	33323
6775	1702	1739	28115	28117
7942	2250	2276	33054	33053
7487	7382	7439	58884	58885
1647	1609	3086	27337	27336
7331	3180	2017	40665	30916
3164	1981	3413	30606	30605
1283	1348	6198	24399	24991
6207	1377	6132	25258	25260
7174	7117	1888	57764	29755
7470	2141	2113	32063	31792
7894	2251	2274	33056	33058
3815	3912	3137	44156	40400
1405	1506	1497	25507	26315
6523	1570	6520	26994	26993
7585	7584	7488	59779	59371
1877	1932	3164	29658	30168
10737	2126	2161	31921	31922
10480	1537	6524	26675	26676
1519	1448	1445	25876	25856
7581	2071	7530	31418	31420
1991	3591	3565	30688	42842
6710	1661	1664	27779	27781
6409	1501	1540	26352	26350
3328	3438	1606	41525	27308
9489	2162	7504	32259	32258
6746	3809	1842	44125	29325
6429	1514	1471	26471	26081
8005	8003	2308	61589	33573
10781	2280	7750	33318	33323
6432	1557	4512	26865	26854
7948	2374	7945	34175	34181
10590	6951	1750	57044	28552
9509	4584	2080	47235	31501
8609	3899	8836	44553	44552
8609	1501	1498	26357	26325
1648	1609	1647	27335	27337
9705	1613	1648	27373	27376
6420	1504	1506	26384	26391
7150	1983	1980	30625	30594
7018	1795	6913	28934	28936
7053	1873	3394	29617	29622
6646	1715	1681	28240	27961
3243	3609	1542	41040	26720
6407	1539	1537	26693	26673
8763	7435	3861	59134	44376
7626	2221	2197	32803	32567
10470	1496	6408	26307	26306
8836	1501	8609	26356	26357
1682	1788	1683	27971	27977
1738	1776	1892	28446	28760
6583	1643	6582	27633	27635
8970	3648	7588	43308	43309
7896	7894	2353	61127	33991
6813	1660	6767	27771	27767
2351	2350	2349	33964	33953
9783	2092	7470	31604	31610
3387	3772	3539	41887	42704
6690	1685	1715	27987	27992
9033	1349	3570	25001	25000
3926	3928	1569	44680	26979
8139	2400	2470	34425	34427
6577	3815	3137	44154	40401
5949	3339	1283	41586	24400
7960	2255	7957	33092	33091
10586	1871	6948	29602	29601
4512	1557	8751	26854	26862
7896	7801	7894	60728	60725
1666	3815	3765	27820	43907
6866	1791	6865	28900	28891
9094	3272	8854	41188	41190
10437	6198	1348	53822	24991
6428	1582	1549	27090	26781
9506	3107	7503	40214	40216
2126	10737	7636	31921	60016
6524	1611	6461	27350	27357
8870	6823	3702	56455	43578
10659	2047	7474	31193	31191
7852	2286	3777	33367	33372
9990	9698	3978	67818	44890
7956	2281	7952	33327	33328
6768	6710	1731	55937	28381
6649	1686	3496	28002	28004
8663	3122	1604	40321	27283
1762	1690	6703	28028	28027
1647	3283	1648	27670	27683
9990	9489	3060	67311	39943
1611	1606	1569	27306	26981
6458	1569	6457	26983	26982
1648	3283	3173	27683	40616
8003	2400	8002	34428	34424
6545	1547	1623	26762	26759
6355	3784	1504	43999	26392
10586	1842	1871	29327	29329
6429	1471	6425	26082	26079
7261	1950	1926	30332	30099
3672	3736	3254	43420	41092
7584	7582	2152	59772	32158
7025	6975	7024	57134	57133
6622	1583	6621	27097	27104
7369	3990	3506	44944	42532
9825	2206	7756	32659	32652
9704	6649	6696	55673	55676
6754	1752	1686	28564	28000
6969	6968	1883	57103	29715
1774	1856	3702	28743	29467
1507	1505	1504	26405	26386
9472	6648	3122	55669	40318
6917	3067	1833	39990	29253
1673	6621	6619	27887	55547
7589	7588	2206	59792	32658
6858	1719	6753	28277	28279
2091	3785	3705	31601	43590
9219	3705	8710	43594	43591
6355	1504	1505	26394	26386
4672	1967	2080	30480	30477
6690	1604	6648	27294	27284
2036	2067	2113	31091	31378
8609	3906	3899	44590	44550
1966	3608	3167	30468	40580
10632	1883	6968	29717	29715
1686	1652	3496	27711	27706
3004	1549	1582	26776	26781
2124	3853	2149	31904	32134
8854	3272	3122	41190	40320
10479	6461	1611	54893	27357
7738	7682	2250	60234	33049
6623	1557	1558	26859	26866
1914	3087	1892	29989	29800
9244	1928	7058	30126	30124
6696	6649	1613	55676	27378
7501	2161	2126	32242	31922
6521	1610	3086	27346	27348
1842	3730	9265	29323	43729
1514	1583	1445	26473	25855
10507	1583	6481	27105	27102
1681	1714	1682	27960	27964
9094	3328	4273	41526	41528
3926	1569	1606	26980	26981
7147	3162	1976	40551	30560
8609	1498	3906	26331	26330
7258	7257	2036	58345	31092
6910	1850	9309	29408	29401
6910	5923	1850	52655	29403
6584	1644	6583	27639	27643
9338	6457	1567	54876	26963
6749	1789	1750	28876	28554
7025	6079	3067	53324	39989
6917	6879	1857	56713	29474
7751	2280	2276	33324	33283
6523	1571	1570	26998	26987
9309	3028	6910	39734	39736
3715	1571	3488	27002	27001
7057	6806	1751	56398	28556
6952	6858	1816	56637	29116
7277	2121	2014	31864	30898
7960	2256	2255	33102	33093
8001	7896	8000	61133	61132
1685	6648	9472	27994	55669
6690	6648	1685	55672	27994
7342	2082	2081	31521	31513
9000	2005	7203	30817	30815
10470	6465	6411	54905	54703
3137	3912	1696	40400	28070
9506	7503	7274	59435	58413
6261	1448	6260	25879	25881
1644	1645	1681	27642	27652
6260	1448	1447	25881	25870
8094	6771	1666	56212	27824
6304	3879	1474	44466	26105
7684	2222	2251	32812	32807
3413	1850	1877	29404	29409
6897	6896	1841	56784	29319
6896	1714	6852	28231	28234
7892	2350	2351	33961	33964
8854	3122	8663	40322	40321
9990	3978	2162	44891	32252
6828	6776	1739	56233	28456
7894	2274	7893	33265	33264
6842	1981	3164	30599	30606
7062	1932	1877	30169	29658
6975	1857	6876	29477	29476
3853	3059	2121	39938	31867
6467	1575	1545	27031	26741
8139	2470	2469	35057	35049
6584	6583	6518	55412	55145
7117	7116	6979	57760	57153
7068	1853	6969	29436	29437
8178	2447	2444	34852	34818
9338	1570	7120	26995	26988
6190	1405	1317	25506	24704
8854	8663	3926	64429	44681
10737	7639	7636	60026	60013
2247	2272	2221	33026	32800
9265	1871	1842	29596	29329
7696	2161	4397	32244	32246
2248	2273	2247	33032	33027
1686	1719	6754	27999	28272
9286	2255	2256	33094	33093
9848	2311	7853	33596	33595
9261	1845	3548	29354	29360
6537	1617	1539	27406	26688
6700	3718	1651	43675	27703
6546	1470	6474	26074	26075
2248	2247	2172	33028	32348
9286	3288	7693	41275	41276
6429	1583	1514	27101	26473
6898	1788	1787	28868	28857
6360	1506	1405	26406	25507
9192	7437	2078	59143	31487
7008	1842	1841	29332	29320
6356	1435	6294	25758	25763
1643	1644	1682	27632	27645
10469	6410	1499	54698	26333
9698	2991	3441	39492	39494
5407	3528	3368	42648	41768
10469	10468	6410	69568	54697
7960	7908	2256	61186	33103
6823	6713	6772	55954	55949
6198	1409	6197	25547	25543
3288	2160	2207	32229	32234
6428	1510	1513	26438	26435
6420	1510	1549	26434	26437
6420	1549	6418	26782	26783
7742	2276	2250	33277	33053
7439	3360	2125	41725	31913
10479	1569	6458	26984	26983
8182	8179	2470	62303	35050
9756	2017	1913	30922	29979
7945	2374	2373	34181	34171
7945	7944	2276	61334	33281
6480	1513	1556	26465	26467
7380	2096	3402	31644	31646
7772	2082	4672	31522	31523
6407	1498	1539	26328	26332
6690	6646	1604	55666	27286
9465	3162	7147	40550	40551
6753	6697	1717	55898	28262
6828	1776	6776	28757	28759
9848	7853	7958	60946	60944
8005	2400	8003	34423	34428
6259	1412	6208	25566	25571
7270	2042	3506	31148	31147
6577	1582	3053	27092	27086
3193	1966	5232	30461	30466
8870	1830	1731	29224	28370
9338	1567	1570	26964	26951
6750	5787	3548	52121	42755
1445	1583	1586	25855	27096
6750	3548	1751	42757	28561
3608	1967	3670	30475	30479
9848	7959	2285	61402	33366
10650	1981	2050	30603	30604
2005	2035	2169	30810	31083
7889	2941	2350	39179	33963
8094	3486	3236	42416	41001
7290	2015	1936	30905	30204
7801	3263	7684	41147	41142
7111	1936	2015	30206	30204
10642	7227	7164	58219	57975
6524	1537	1615	26676	26670
7225	7111	2015	57733	30907
6519	1570	1607	26992	26990
9186	1877	1850	29657	29409
6533	6530	1539	55184	26690
7504	2161	3106	32247	32250
9465	1932	7062	30166	30169
6896	6852	1813	56610	29085
7117	1962	7116	30434	30435
9286	7693	2255	60275	33089
1586	1587	1519	27125	26510
8765	3801	6968	44087	44089
8136	8092	2419	61959	34605
7173	3578	1961	42913	30421
9117	3565	3476	42843	42370
4672	2082	1967	31523	30472
6577	3004	1582	39574	27089
2311	2286	7852	33375	33367
1693	1579	1623	27067	27066
6547	6546	1579	55251	27059
7025	1857	6975	29473	29477
6533	1615	6530	27395	27397
9092	3236	3486	40997	41001
7435	2074	7332	31446	31445
7696	2229	7639	32874	32868
1730	3093	1693	28363	28045
6876	1857	1803	29476	29000
6876	3253	6812	41089	41091
9092	1888	6979	29761	29758
10483	6410	1541	54694	26713
2080	1967	3476	30477	30476
10675	7341	7180	58707	58028
10675	7342	7341	58711	58705
7502	3106	2161	40211	32250
9756	7164	2017	57973	30920
8011	8005	2308	61602	33572
2256	3441	3291	33104	41288
6711	1731	6710	28373	28381
8970	7588	2074	59795	31438
6467	1545	6413	26749	26744
7171	1856	7116	29465	29461
10618	7066	7164	57540	57536
6585	1605	1604	27299	27291
6587	3690	4041	43509	43512
7892	2351	7891	33975	33976
8751	3822	4512	44193	44191
7037	3283	1684	41242	27985
9825	2207	2206	32664	32654
6909	1849	1791	29393	28899
1670	3352	1556	27860	26850
6294	1435	6246	25763	25765
1496	3915	3906	26312	44588
3724	3871	1848	43702	29392
2225	2975	2227	32839	32857
1722	1791	3539	28299	28897
1567	3690	1607	26961	27313
7438	3360	2126	41721	31918
10694	7438	2126	59147	31923
6546	6474	1579	54942	27064
1499	3915	10469	26338	44624
6750	1751	4273	28563	28555
7332	2050	2124	31218	31220
1587	1447	1519	25872	25869
3476	3565	2080	42370	31500
1541	6468	10483	26714	54916
6601	6468	1541	54917	26714
10793	9834	2274	68169	33260
2281	2223	7802	32818	32816
6368	6306	1518	54264	26504
7627	2222	2175	32811	32373
3607	1547	10494	26765	26763
7523	7475	2172	59315	32347
8710	7475	2092	59312	31613
7499	2160	3111	32232	32236
7684	7629	2222	59986	32810
1756	1660	6813	27772	27771
9825	7756	7693	60550	60274
7762	2285	2225	33363	32838
6468	1576	1575	27036	27030
6583	6582	1608	55410	27324
3784	8836	3899	44000	44552
10766	7755	2281	60545	33330
6197	1321	1283	24748	24398
6197	6190	1321	53787	24746
9117	1991	3565	30687	30689
2373	2419	2349	34168	33949
9309	1850	10619	29401	29407
6617	1670	1556	27859	26851
1651	1649	1611	27691	27354
1651	3718	1649	27703	27684
1950	1976	3162	30330	30560
7062	1848	3162	29381	29386
9503	6711	1664	55944	27804
5250	3597	3409	43022	42004
7276	2047	10659	31194	31193
7276	1976	2047	30559	30557
5322	3107	3653	40215	40212
2380	2452	2470	34236	34895
3928	3929	1569	44693	26976
7037	3173	3283	40615	40616
3681	2373	2349	34170	33956
3164	3413	1877	40563	29659
6260	1447	6259	25875	25865
6637	3441	2256	42173	33104
4584	2991	3708	39496	39495
3441	2991	3111	39494	39497
8183	2447	8181	34851	34853
1714	1787	1682	28235	27972
7632	7585	2125	59782	31906
9990	2162	9489	32260	32259
7068	6969	1883	57108	29716
9219	3506	5322	42530	42525
2149	3853	2121	32134	31873
6815	1730	1729	28368	28356
10632	6968	3801	57104	44089
10644	7180	7074	58026	57575
10632	7171	1883	57996	29713
7048	1813	6899	29083	29090
10483	1575	6467	27026	27031
1830	1767	1731	28685	28377
6956	3597	3724	43027	43026
8854	3657	3438	43340	42155
7452	3180	7331	40657	40665
7438	2125	3360	31911	31913
8181	2447	8178	34853	34852
8094	3236	6771	41002	40998
6462	1538	1568	26679	26677
8138	2448	2399	34859	34418
9144	2015	3402	30904	30900
7111	7068	1936	57546	30197
3162	3271	1950	40547	30334
1644	1681	1682	27648	27963
10644	1893	7181	29805	29810
7181	1893	1916	29810	29809
8003	8002	7948	61583	61354
7258	1900	7047	29864	29865
1433	1405	1497	25502	25508
7945	2276	2280	33285	33283
7891	2351	2353	33976	33973
7960	2379	2358	34224	34030
5787	3772	3387	43940	41887
1609	1608	3086	27319	27322
7945	2373	7944	34173	34174
1683	1643	1682	27637	27638
8136	2444	8092	34822	34823
2358	2379	2472	34030	34228
9430	7181	1916	58032	30006
7439	7382	2021	58885	30949
9393	1613	5374	27380	27377
7283	2017	7227	30918	30921
1669	3053	1582	27851	27086
2067	2036	1975	31091	30544
7048	1924	7047	30080	30082
6697	1719	6696	28278	28274
1950	3271	1902	30334	29885
7811	2229	2286	32875	32873
6917	1857	3067	29475	29472
9094	8854	3438	65126	42156
7893	7891	2353	61117	33992
7504	3542	4397	42722	42725
8724	3928	8663	44692	44689
10469	3915	1496	44624	26312
7956	7952	2377	61379	34208
6697	1648	1717	27675	27680
1647	3086	1610	27672	27348
7693	3288	2207	41276	32669
6604	6603	6537	55484	55209
6432	4512	6304	46952	46950
7048	7047	7007	57459	57286
6806	1749	3272	28544	28540
4584	3111	2991	40233	39497
7221	2014	2050	30895	30899
1547	3520	1622	26764	27456
3591	1991	3406	30688	30684
6748	3122	3272	40315	40320
6949	1749	6806	28542	28544
7368	2036	2035	31090	31075
6768	6767	6605	56198	55497
1664	1544	6608	26738	26735
7262	7261	2038	58364	31115
3628	1666	1669	27821	27826
7257	1975	2036	30548	30544
6649	3496	5374	42473	42472
9393	5374	3488	50410	42434
3060	3708	2991	39944	39495
10606	1874	7096	29629	29632
6523	6520	1609	55153	27332
6750	3328	1649	41529	27690
7173	1961	1991	30426	30425
2420	2351	2444	33969	33966
9764	7047	1924	57456	30082
10632	3801	1856	44090	29466
9838	2256	7908	33100	33103
10479	1611	1569	27358	26978
6948	1789	6947	28879	28878
7682	2143	2091	32075	31602
6480	1556	3352	26849	26850
6516	3929	3928	44694	44693
6256	1377	1444	25256	25257
10576	6767	1767	56200	28683
1853	1767	1830	28688	28685
10576	1767	6913	28687	28689
10576	6813	6767	56429	56199
6913	1767	1853	28689	28688
10576	1795	6813	28935	28931
6457	1569	1567	26982	26962
7582	7581	7530	59771	59550
7582	7530	2152	59553	32159
7582	2202	7581	32615	32622
7436	2152	2095	32153	31639
7436	2095	3402	31640	31637
7530	2095	2152	31638	31639
8797	2303	7943	33522	33521
7943	2303	7942	33521	33523
7944	2373	7942	34174	34165
8797	2941	8583	39176	39177
8797	8583	2303	64084	33524
7942	2303	2250	33523	33045
8583	2273	2303	33258	33252
6409	1539	1498	26687	26332
7343	3761	1967	43889	30469
9000	7203	3736	58127	43756
10618	9756	1913	67969	29980
1974	2038	7261	30542	31115
9000	3786	7368	44007	44004
9000	3736	3786	43758	43757
6713	1731	6711	28382	28373
6823	1731	6713	28383	28382
8870	1731	6823	28380	28383
9737	6968	6969	57101	57103
7008	1841	7007	29313	29321
7007	1841	1813	29321	29087
7048	6899	1749	56792	28545
6899	1813	1685	29090	27993
6899	6748	1749	56121	28541
6899	1685	6748	27995	27990
2014	2121	3059	30898	31867
7526	2121	7473	31874	31872
7473	2047	2116	31190	31195
7526	2175	2121	32366	31870
7420	2116	2047	31825	31195
7277	7219	7276	58194	58189
7370	2047	1976	31197	30557
7276	7147	1976	57900	30552
9503	1696	6713	28076	28075
7420	2047	7370	31196	31197
10680	7370	1976	58829	30561
6302	6301	1348	54249	24992
6302	1474	6301	26113	26110
6302	1349	6256	25002	24997
10437	1348	6301	24983	24992
6606	6605	6604	55499	55491
6606	6604	1540	55493	26697
6606	1661	6605	27782	27778
6606	1544	1661	26739	26737
6606	1540	1544	26703	26704
1544	1540	1505	26704	26399
6765	3417	1765	42055	28673
6815	1729	6766	28358	28361
6766	6765	1765	56191	28675
6766	1729	6765	28361	28360
8002	2469	2374	35044	34179
8002	2374	7948	34183	34175
8179	2469	2470	35047	35049
7755	2206	2223	32651	32648
7843	2281	7802	33332	33331
7952	2281	7843	33328	33332
10606	7012	1874	57310	29630
6952	3871	6858	44431	44429
10650	2050	7283	31221	31217
3059	3853	2050	39938	31219
6949	1872	1924	29614	29605
7048	6949	1924	57035	30084
7057	1872	6949	29608	29614
7048	1749	6949	28543	28542
7144	7142	1872	57879	29611
2050	2014	3059	30899	30891
2470	2400	2380	34427	34232
6608	3295	1664	41316	27796
9503	3137	1696	40399	28073
9503	6713	6711	55955	55942
7151	1933	7063	30177	30176
7063	1933	1849	30176	29396
7271	1933	7151	30170	30177
7151	7063	7150	57519	57521
7063	1849	6909	29400	29393
7151	7150	1980	57914	30595
7063	6909	1821	56840	29158
7150	7063	1821	57521	29163
7155	7150	1821	57911	29164
6988	1776	6987	28762	28761
6988	1892	1776	29801	28760
10623	6988	1893	57187	29811
10623	1892	6988	29796	29801
6988	6987	1893	57183	29812
6987	1776	1804	28761	28756
7028	6987	1804	57185	29013
7028	1916	6987	30001	30007
6987	1916	1893	30007	29809
9737	1830	8765	29225	29223
9737	1853	1830	29438	29222
7049	1842	7008	29333	29332
6304	6256	1444	54049	25839
7049	6746	1842	56110	29330
9764	1924	7143	30083	30081
1669	3352	1670	27852	27860
1670	1702	1669	27858	27854
1702	3628	1669	28119	27850
1582	3352	1669	27094	27852
6480	1582	6479	27095	27083
6480	3352	1582	41676	27094
7053	3394	1926	41914	30103
1871	3394	1873	29604	29622
1926	3394	3304	30103	41384
9265	3394	1871	41916	29604
7054	7053	1926	57480	30104
3304	1974	1926	30540	30101
11054	3304	3394	41380	41384
11054	3394	9265	41917	41916
3672	9714	2989	43418	39482
6551	1556	3822	26848	26845
1513	1474	1556	26109	26108
3906	3915	1497	44588	26314
1556	1671	6617	26847	27867
9186	3597	1877	43025	29660
6956	1877	3597	29651	29660
9119	6765	1762	56188	28652
9119	1762	5250	28653	28650
8965	8829	3597	65048	43028
6956	3724	1848	43703	29390
8829	3724	3597	43699	43026
6765	1729	1762	28360	28352
7018	6913	1853	56859	29439
10576	6913	1795	56858	28936
7018	1906	1821	29921	29154
7018	1853	1906	29441	29430
1756	1795	1821	28596	28933
7204	1975	7142	30551	30549
7204	2067	1975	31376	30550
6948	1873	1789	29620	28872
10781	7807	2308	60754	33570
10781	7804	7807	60745	60744
7751	2276	7742	33284	33277
6432	1558	1557	26870	26866
6700	6597	1722	55464	28297
6827	6721	1699	55984	28093
6828	1739	6721	28458	28459
6624	6623	6558	55564	55306
6558	1558	1518	26867	26505
6368	1518	1558	26497	26505
6721	1739	6720	28459	28450
6433	6368	1558	54512	26873
7439	2021	4239	30956	30953
1990	2021	1936	30679	30207
7290	1936	2021	30205	30207
8346	1507	5808	26414	26413
6419	5808	1507	52204	26413
6419	1507	1504	26415	26393
1544	1505	1507	26396	26405
8346	6608	1507	55505	26417
6608	1544	1507	26735	26416
8346	5808	3295	52202	41319
6419	3004	5808	39580	39579
5808	3004	3295	39579	39573
6419	1504	6418	26395	26382
6419	6418	1549	54724	26783
6419	1549	3004	26784	26776
3765	3053	1666	39900	27827
6772	6771	1774	56215	28747
10552	8094	1666	61963	27825
6771	3236	1774	40998	28744
1669	1666	3053	27826	27827
10552	1666	6774	27828	27822
8101	2448	2472	34860	34854
8101	2377	2448	34210	34209
8101	2379	2377	34229	34206
8006	2448	2377	34861	34209
8006	2399	2448	34420	34418
8006	2377	7951	34211	34212
8006	8001	2399	61580	34416
7952	7951	2377	61370	34212
8006	7951	8001	61373	61371
9714	1900	2989	29867	29866
9714	7049	1900	57464	29868
1900	3786	2989	29869	39479
7049	7008	1900	57293	29870
7008	7007	1900	57287	29861
7258	3786	1900	44008	29869
7368	3786	7258	44004	44008
7293	7237	2023	58257	30969
7237	2021	1990	30957	30679
7237	1990	1962	30681	30430
7293	2021	7237	30958	30957
7293	2023	4239	30970	30972
7237	1962	2023	30437	30438
4239	2023	3426	30972	30973
2100	3426	2023	31681	30973
2023	1962	1992	30438	30427
2023	1992	2100	30698	30696
7293	4239	2021	45893	30953
4239	3426	3360	42098	41727
10510	1756	6757	28602	28604
6865	6757	1756	56157	28604
10510	6757	3022	56158	39697
10510	6603	1660	55487	27774
6866	6865	1756	56663	28605
6813	1795	1756	28931	28596
6757	1722	3022	28300	28298
6604	1660	6603	27768	27774
10510	3022	6603	39698	39699
5734	1722	3539	28301	28303
6603	3022	1617	39699	27415
6881	1834	6827	29260	29259
6881	1775	1834	28752	28751
6881	6827	1699	56468	28095
6827	1834	1804	29259	29014
6880	1834	1775	29254	28751
6624	6558	1587	55308	27128
6625	6624	1587	55567	27133
6624	1674	6623	27895	27892
6625	1674	6624	27896	27895
6881	1699	1775	28099	28100
6984	1804	1834	29003	29014
6625	1587	1586	27134	27125
1699	1700	1775	28098	28101
6625	1673	1674	27890	27889
6625	6622	1673	55559	27888
6625	1586	6622	27127	27121
1674	1673	1698	27889	27884
1674	1698	1700	27897	28089
6897	1714	6896	28236	28231
9714	6746	7049	56108	56110
3730	3809	3254	43728	41097
11054	9265	3730	66570	43729
3730	3254	3304	41098	41096
11054	3730	3304	43730	41385
